NAME : u1817Solucion
COMMENT : Length 72815
TYPE : TOUR
DIMENSION : 1817
TOUR_SECTION
1
2
3
7
8
9
10
11
12
13
25
24
23
22
15
14
17
16
21
20
31
32
33
34
30
29
28
27
26
35
36
37
38
41
40
39
47
48
49
50
63
64
60
59
58
57
53
52
61
62
51
46
45
44
42
43
54
56
55
69
70
68
67
66
65
71
72
73
74
75
76
77
78
81
82
91
94
95
96
97
98
89
90
85
84
83
79
80
86
87
88
150
151
147
148
149
99
100
101
102
103
104
92
93
105
106
107
108
109
110
111
112
113
114
118
115
116
117
119
120
121
123
122
124
125
127
130
129
126
128
242
132
131
245
246
247
248
249
243
244
232
231
230
229
134
133
138
137
139
223
224
140
136
135
225
226
228
221
222
220
219
218
141
142
143
144
145
146
214
215
216
217
210
211
212
213
205
206
207
208
209
1711
1701
1690
1689
1686
1687
1688
1677
1693
1692
1691
1700
1699
1698
1695
1696
1697
1694
1678
1679
1645
1646
1647
1676
1680
1681
1682
1683
1684
1685
227
233
234
235
236
237
238
239
1675
1674
1673
1672
266
265
264
256
255
257
240
241
254
253
252
251
250
258
259
260
261
262
263
269
270
271
272
273
282
283
284
285
286
287
288
291
292
290
289
280
1124
1130
1131
1132
1134
1133
1144
1143
1142
1137
1136
1135
1129
1305
1304
1128
1127
1126
1125
1123
1122
1121
1120
1093
1094
1119
1099
1098
1102
1101
1110
1109
310
309
308
307
306
305
1114
1113
1112
1111
1100
1118
1117
1116
1115
294
293
295
296
297
298
299
300
302
301
303
304
311
1108
1103
1104
1105
1088
1086
1087
1081
1080
320
1077
1078
1079
1106
1107
313
312
314
315
316
317
318
319
322
321
323
324
326
325
327
328
1072
1071
1068
1069
1070
337
338
339
341
336
340
342
352
343
351
354
353
356
355
350
1050
1051
349
348
347
346
345
344
1063
1065
1067
1066
1064
1062
1061
1060
970
1058
1059
969
967
965
966
968
971
972
1045
1044
1048
1047
1046
1057
1056
1055
1054
1053
1052
1049
1039
1038
1037
1043
1042
1041
1040
987
988
994
993
992
1022
1023
1024
1021
995
996
998
997
1007
999
1000
1018
1016
1010
1009
1019
1008
1020
1025
1026
1027
1028
1013
1014
1015
1011
1017
1012
650
651
675
676
670
800
801
796
797
798
799
808
807
806
809
810
811
812
813
814
795
794
793
822
821
820
819
818
834
833
825
824
832
831
830
829
828
835
817
816
815
837
836
827
826
838
839
848
849
843
850
885
884
883
882
881
880
879
878
877
893
894
895
896
897
898
899
900
901
903
902
904
905
907
906
951
952
953
954
958
955
956
957
959
960
962
961
963
964
973
974
983
984
985
986
989
980
981
943
942
941
940
939
982
979
978
977
976
975
938
937
950
949
948
947
946
945
936
944
923
924
927
928
929
930
925
926
935
931
932
934
933
909
908
910
911
912
913
914
915
916
856
845
853
857
858
859
873
872
871
866
867
868
869
870
865
864
863
862
892
891
861
860
890
888
889
876
875
874
852
886
887
851
844
854
855
846
847
842
841
840
918
917
922
921
920
664
919
805
665
666
804
802
803
667
668
669
673
672
671
674
654
655
663
662
656
657
661
660
659
658
991
990
1006
1005
1004
1003
1002
1001
653
652
645
646
648
647
649
425
426
413
414
415
411
412
379
1029
1032
1031
1030
378
377
376
375
374
1034
1033
1036
1035
373
366
365
367
368
369
370
371
381
372
380
382
385
383
384
386
397
396
398
399
395
400
402
401
403
405
404
406
409
408
407
437
436
435
434
423
422
421
420
410
416
417
418
419
424
427
428
429
430
431
625
626
614
624
623
622
615
590
589
460
461
459
458
462
463
468
467
466
465
575
464
576
577
570
556
557
558
560
569
578
579
588
587
586
595
606
605
604
603
711
710
709
708
607
608
609
610
611
594
593
592
591
616
621
620
619
613
617
612
618
630
629
628
627
639
638
640
641
642
643
644
635
636
677
678
679
680
681
637
634
633
631
632
682
683
777
778
779
780
781
782
783
694
685
686
688
684
687
689
690
703
702
691
692
693
701
705
704
706
700
699
707
697
698
696
695
784
785
786
787
788
789
790
791
776
775
774
771
770
772
792
773
823
767
766
765
764
763
769
754
751
753
752
755
757
756
768
762
761
760
759
758
744
745
746
747
748
749
750
740
741
742
739
738
743
737
735
736
734
724
725
726
733
729
730
713
712
714
731
732
728
727
723
720
719
721
722
718
717
716
715
539
540
538
602
601
600
599
598
597
596
584
583
585
580
582
581
568
567
566
563
564
562
565
561
559
552
550
549
551
548
547
546
545
544
543
541
542
537
534
536
535
533
532
531
530
529
524
528
521
553
520
519
554
555
571
574
572
573
518
514
515
517
527
522
523
525
526
516
513
512
509
508
505
506
500
497
496
493
492
489
488
487
486
485
1452
1453
1454
1450
1449
1455
1451
1440
1441
1442
1443
1444
1228
1227
1432
1433
1431
1430
1434
1435
1429
1428
1427
1425
1424
1437
1438
1439
470
469
1422
1423
1426
1436
484
483
482
477
476
478
479
480
481
490
491
494
495
498
499
501
504
507
510
511
503
502
474
475
473
472
471
457
456
452
451
450
446
445
453
454
455
433
432
438
439
440
441
442
443
447
449
448
1409
1410
1421
1420
1419
1411
1412
1418
1417
1413
1414
1416
1415
1241
1229
1242
1239
1240
1403
1404
1405
1408
1407
1406
444
392
1355
1358
1357
1356
1393
1402
1401
1394
1392
1361
1360
1359
1347
1348
1351
1352
1353
1354
393
394
391
390
389
388
387
1349
1350
1344
1345
1346
1370
1369
1368
1367
1373
1372
1371
1333
1331
1332
1321
1320
1319
1318
1317
1334
1335
1336
1330
1329
1328
1327
1326
1337
1338
1339
1340
1341
1342
1343
361
362
363
364
360
359
358
357
333
334
335
332
331
330
329
1073
1074
1075
1076
1082
1083
1084
1085
1325
1324
1323
1322
1090
1089
1096
1097
1091
1092
1095
1309
1310
1311
1316
1315
1314
1313
1308
1307
1306
1312
1379
1378
1362
1385
1384
1388
1387
1386
1364
1363
1377
1376
1375
1374
1366
1365
1391
1390
1389
1397
1396
1395
1400
1399
1398
1261
1262
1260
1265
1266
1267
1268
1269
1193
1192
1190
1184
1189
1188
1187
1186
1623
1624
1629
1622
1621
1620
1185
1183
1180
1177
1176
1174
1169
1170
1171
1643
1644
1641
1642
1172
1173
1175
1178
1179
1181
1182
1191
1273
1272
1276
1275
1274
1288
1289
1290
1291
1292
1293
1294
1280
1279
1278
1277
1271
1270
1264
1263
1283
1284
1285
1286
1287
1282
1281
1295
1296
1297
1298
1382
1381
1383
1380
1303
1302
1301
1300
1299
1141
1140
1139
1138
1160
1162
1163
1168
1166
1651
1649
1652
1650
1167
1165
1164
1161
1159
1156
1157
1158
1154
1145
1146
281
279
278
277
276
1150
1149
1147
1148
1153
1155
1152
1151
1666
1665
1668
1667
275
274
268
267
1671
1670
1669
1664
1663
1661
1660
1662
1659
1658
1656
1655
1657
1653
1654
1648
1640
1639
1636
1635
1638
1637
1634
1632
1631
1627
1633
1630
1628
1625
1626
1723
1724
1703
1704
1705
1706
1707
1708
1709
1710
1712
1713
1714
1702
1719
1718
1717
1716
1715
200
201
202
203
204
154
153
152
155
156
157
161
160
159
158
164
163
162
190
165
166
167
169
168
186
185
184
183
187
188
189
191
192
193
196
195
194
199
198
197
1727
1726
1725
1720
1721
1733
1732
1737
1736
1735
1734
1722
1615
1613
1616
1614
1617
1618
1619
1194
1199
1209
1198
1214
1213
1597
1598
1599
1588
1587
1589
1590
1595
1594
1586
1579
1578
1577
1576
1493
1494
1566
1567
1568
1569
1562
1563
1564
1565
1495
1496
1497
1492
1582
1581
1580
1585
1593
1596
1215
1212
1211
1210
1217
1218
1219
1250
1251
1205
1206
1207
1208
1202
1201
1200
1195
1196
1197
1255
1256
1257
1258
1259
1249
1248
1247
1245
1246
1220
1221
1223
1224
1225
1226
1230
1231
1232
1233
1244
1243
1238
1237
1236
1235
1234
1254
1253
1252
1204
1203
1216
1591
1592
1584
1583
1461
1462
1460
1222
1459
1458
1447
1446
1445
1456
1457
1448
1471
1470
1468
1469
1472
1473
1476
1477
1475
1474
1467
1466
1465
1464
1463
1482
1483
1480
1478
1479
1481
1484
1485
1486
1488
1487
1489
1491
1490
1502
1503
1501
1500
1499
1498
1508
1507
1506
1505
1504
1515
1516
1514
1509
1510
1511
1512
1513
1518
1520
1521
1519
1517
1522
1523
1526
1524
1527
1525
1533
1531
1528
1529
1530
1549
1551
1550
1558
1561
1759
1570
1571
1572
1573
1574
1575
1605
1604
1603
1600
1601
1602
1612
1611
1610
1606
1607
1608
1609
1744
1743
1745
1746
1747
1748
1739
1738
1731
1730
1729
1728
1740
1749
1750
1751
1752
1753
1741
1742
1760
1758
1560
1559
1761
1762
1757
1756
1755
1763
1754
179
180
178
177
176
181
182
175
174
172
171
173
170
19
18
6
4
5
1809
1808
1807
1801
1800
1799
1798
1797
1796
1795
1792
1802
1790
1791
1794
1793
1789
1766
1764
1767
1765
1772
1774
1773
1771
1768
1770
1769
1555
1556
1557
1553
1552
1554
1547
1546
1532
1534
1545
1544
1538
1543
1548
1542
1541
1540
1539
1536
1535
1537
1777
1779
1781
1780
1778
1776
1775
1786
1787
1788
1803
1804
1805
1806
1811
1810
1783
1785
1782
1784
1812
1813
1814
1815
1816
1817
-1
EOF
