NAME : 1060
COMMENT : Length 278654
TYPE : TOUR
DIMENSION : 1060
TOUR_SECTION
1
2
3
4
1060
1058
1056
1057
1055
1054
1053
12
30
11
10
1059
9
122
15
16
14
18
19
20
17
13
21
22
26
33
34
1044
1043
1050
1051
32
27
28
29
31
1052
1049
1048
1047
1042
37
1039
1040
1041
1046
1045
1038
1037
1036
1031
1032
1033
1035
1034
57
56
58
59
55
66
60
63
62
61
65
64
1029
1030
1028
1018
1016
1015
1014
1013
1012
1017
1020
1019
1027
1026
1021
1010
1007
1022
1025
1024
1023
1006
1005
1008
1011
1009
1003
1004
998
1002
1001
1000
999
997
996
995
992
993
991
984
980
979
977
978
981
983
986
990
989
994
988
987
985
982
974
973
972
970
971
976
975
965
77
81
958
957
960
959
961
962
963
964
950
956
79
80
78
89
82
50
44
45
46
49
83
48
47
41
40
42
43
53
52
51
76
75
73
71
70
69
68
72
74
67
54
39
38
35
36
25
24
23
84
85
100
87
86
88
92
91
90
896
894
890
891
893
889
883
884
886
887
885
876
875
877
879
878
870
869
871
872
874
873
880
881
882
905
904
903
901
895
897
898
899
952
953
928
930
927
926
925
924
918
920
923
922
851
850
849
938
929
935
936
937
940
941
934
933
932
931
954
951
955
949
948
966
969
968
967
943
946
945
947
944
942
828
829
830
832
827
833
939
838
848
847
852
855
854
843
844
846
845
841
839
819
837
836
835
834
823
824
826
831
825
809
808
806
807
813
812
811
810
822
821
820
818
814
815
816
317
307
316
817
243
840
242
241
842
853
229
231
238
239
240
246
244
245
247
248
314
313
315
308
309
304
303
301
302
305
306
319
318
322
324
334
332
325
329
330
339
328
345
349
357
348
346
344
347
343
341
342
340
331
333
335
336
338
337
805
803
804
799
800
802
801
796
795
798
797
790
789
791
792
794
793
786
785
781
784
783
787
788
782
773
772
774
775
780
779
778
777
768
767
769
771
776
770
764
763
762
765
766
757
758
754
760
761
759
755
756
753
751
752
750
749
748
747
745
746
744
743
742
733
732
730
731
578
577
579
576
736
735
734
739
740
741
548
565
564
563
566
567
571
559
560
558
561
562
557
555
554
461
460
556
462
463
459
457
458
456
455
454
453
592
593
594
595
452
598
599
600
445
446
451
450
449
447
448
441
442
444
443
440
435
439
438
436
437
601
602
603
606
610
611
608
609
683
671
633
634
628
632
631
636
630
629
627
625
623
626
622
621
613
619
620
624
618
617
616
615
614
612
605
604
607
597
596
685
684
675
674
672
673
670
668
643
669
635
637
638
639
641
642
644
640
646
645
662
661
647
648
649
660
658
663
664
665
666
667
657
659
653
650
651
652
654
655
656
718
719
717
715
714
713
711
710
709
720
706
702
703
705
712
716
678
679
677
676
680
681
704
689
690
682
686
688
687
694
695
693
691
692
707
708
722
721
723
724
725
728
729
727
726
581
580
585
587
586
584
583
582
698
700
699
701
696
697
591
590
589
588
569
570
568
572
573
574
575
737
738
545
546
547
544
543
538
537
536
539
542
541
540
550
549
553
552
551
477
528
529
530
531
527
533
534
535
524
522
523
517
515
516
521
525
532
526
479
481
480
478
476
475
472
474
483
482
519
520
518
504
503
497
496
495
507
500
499
498
502
501
505
514
512
513
506
510
511
509
508
361
362
358
356
355
354
352
351
327
323
326
321
320
350
353
363
364
365
370
367
366
359
368
369
372
373
371
296
299
297
300
298
295
294
293
291
292
287
288
289
290
374
375
376
383
386
384
385
387
388
382
381
406
407
408
409
410
411
413
420
423
464
465
469
468
471
473
466
470
467
422
421
412
486
484
485
491
492
493
494
360
490
489
487
488
378
377
380
379
404
405
398
428
429
431
430
432
434
433
427
426
424
425
419
415
414
416
418
417
402
401
403
400
399
397
396
394
395
393
392
391
274
275
276
389
390
281
282
279
278
277
269
273
270
271
272
268
280
283
284
285
286
311
312
310
249
251
236
237
230
228
227
225
226
856
857
921
919
917
900
902
906
907
909
910
911
908
913
912
914
916
915
861
862
863
864
865
866
216
868
867
215
206
210
211
213
214
212
208
205
204
202
203
207
201
200
262
263
258
261
259
260
209
217
218
219
220
858
860
859
222
221
223
224
232
233
234
235
250
252
253
254
255
257
256
265
267
266
264
196
197
198
199
195
194
193
192
191
190
189
183
184
186
188
187
185
180
181
182
174
173
172
169
171
175
179
178
177
176
170
164
163
167
168
165
166
157
159
161
162
160
158
156
155
154
142
148
143
147
149
150
151
152
153
146
145
144
141
140
138
139
132
131
134
133
136
135
130
121
120
114
888
112
109
110
111
113
115
116
118
119
117
108
96
95
97
892
93
94
99
98
102
101
103
104
107
106
105
123
124
129
128
125
126
127
137
8
7
6
5
-1
EOF
