NAME : 1084
COMMENT : Length 302504
TYPE : TOUR
DIMENSION : 1084
TOUR_SECTION
1
257
635
581
609
369
582
374
604
636
659
821
823
825
827
728
956
983
1052
778
780
1082
952
958
895
784
786
929
946
954
1034
1035
1045
898
950
960
987
1049
1063
1070
948
703
771
880
882
1000
347
350
528
349
529
520
616
605
610
519
530
682
1001
942
944
994
768
774
1057
1036
767
988
1053
1046
996
1039
1050
606
589
170
585
169
617
611
586
993
1037
783
1064
722
964
689
710
729
968
976
731
732
978
1058
733
734
1054
1040
735
736
777
1038
938
935
973
919
936
970
933
753
751
805
662
863
846
971
429
430
481
483
482
321
322
146
143
227
21
8
276
140
22
327
9
803
664
849
836
834
867
843
672
795
749
739
794
673
431
266
831
869
858
871
676
670
812
726
716
130
485
28
316
333
23
213
126
330
141
19
102
339
234
238
27
315
24
620
212
328
288
127
331
641
18
101
342
30
39
340
300
267
432
283
271
286
287
335
285
336
378
293
390
399
139
279
324
301
402
150
403
325
291
366
647
360
269
379
391
290
623
394
138
486
400
280
337
284
305
646
317
15
304
303
645
644
643
1075
859
668
302
851
1077
842
889
872
268
832
893
901
845
909
838
748
915
865
917
999
998
525
526
527
790
911
755
665
1061
760
807
934
937
879
862
687
800
715
744
713
802
685
850
875
877
840
742
678
810
282
131
235
31
343
223
83
134
86
320
334
622
149
393
205
10
158
426
230
346
220
38
85
133
82
222
42
319
231
11
206
159
345
219
359
658
406
639
677
921
750
1072
684
1074
801
712
1084
743
714
686
888
799
878
861
965
779
808
969
666
781
791
977
761
756
785
922
979
747
918
866
208
408
209
490
489
491
549
844
787
775
974
975
972
912
910
1013
1062
792
916
839
902
1014
762
551
161
270
550
210
272
162
833
894
763
890
764
873
841
163
362
164
165
1078
745
852
765
1076
860
667
167
13
746
14
16
136
135
649
166
648
361
368
367
401
281
380
624
395
392
200
292
182
137
497
160
494
12
207
151
404
326
197
191
232
480
188
474
407
40
218
344
41
318
84
132
81
221
642
37
29
289
142
87
129
358
496
425
479
214
299
273
147
224
277
196
6
228
144
190
323
389
471
296
7
199
619
278
465
225
274
453
640
148
181
450
329
444
493
25
211
314
26
338
621
233
341
100
17
332
128
237
657
236
615
603
597
638
488
809
1060
717
741
876
1056
725
874
811
669
1048
675
870
857
1044
740
674
945
793
943
868
754
887
949
796
961
1083
1073
951
835
441
596
275
656
602
614
473
357
468
459
226
456
613
601
595
573
417
447
637
955
1071
1059
837
947
959
1055
1047
804
953
957
848
1043
752
1028
663
806
928
864
908
930
847
963
661
939
920
967
776
671
932
1027
477
571
440
572
435
4
187
297
462
298
145
229
5
420
434
183
423
20
405
487
184
433
443
185
424
295
294
484
113
116
115
118
591
120
428
427
588
121
119
122
612
117
114
618
106
587
110
112
111
109
107
388
590
478
495
492
449
452
80
44
95
193
517
523
371
377
467
108
458
516
94
43
553
461
192
576
524
511
574
174
507
652
410
398
437
68
69
383
414
512
411
416
552
455
554
438
446
688
941
711
730
1016
721
1015
992
900
782
1030
896
997
924
989
926
766
769
995
904
907
683
881
1029
704
770
476
828
1080
986
914
660
702
66
256
65
386
906
822
824
826
1081
818
982
1032
927
415
579
247
382
253
653
501
413
255
246
651
259
3
262
175
508
67
454
445
654
502
252
186
460
254
2
198
457
466
625
439
348
36
599
387
626
173
168
521
575
422
180
510
419
472
464
627
45
96
518
194
600
522
470
172
442
171
370
448
583
463
195
418
598
509
176
584
376
451
258
189
261
655
503
105
251
353
250
245
421
500
78
76
513
650
409
381
577
242
352
499
241
64
104
629
89
632
178
98
90
103
630
515
51
594
77
397
375
249
578
243
351
498
248
244
99
633
504
48
179
91
92
93
385
239
240
816
813
819
899
980
883
708
1042
991
720
724
693
1066
1068
727
719
984
691
773
788
759
1017
555
558
563
562
539
1021
855
1019
1007
694
737
680
1006
1005
697
891
797
1025
1023
1004
534
696
568
55
215
363
535
56
536
537
538
52
53
560
156
556
157
559
123
364
565
216
566
569
124
201
33
203
202
557
561
564
155
311
54
570
365
217
567
125
97
177
412
384
47
475
50
505
514
593
436
396
506
592
58
372
57
607
71
70
264
542
541
313
547
153
309
546
310
312
49
88
628
204
631
46
544
34
532
307
533
543
35
531
355
32
354
306
356
545
308
152
154
548
540
263
885
798
892
1024
829
679
1026
853
1002
681
1010
695
1003
738
886
1011
854
757
1022
758
856
1012
690
1020
1018
1008
1067
789
718
723
692
1065
1009
705
897
925
905
772
966
698
706
1051
913
1041
985
830
940
699
707
1069
923
72
265
634
74
73
59
60
75
469
373
79
608
61
580
1079
990
962
700
709
1033
903
1031
981
931
884
701
820
814
815
817
63
62
260
-1
EOF
