NAME : 1304
COMMENT : Length 340420
TYPE : TOUR
DIMENSION : 1304
TOUR_SECTION
1
557
558
559
561
560
960
961
732
562
1153
1283
318
1183
447
576
1176
1157
1184
517
446
314
78
77
76
75
1187
23
733
964
1165
1149
1248
1085
970
1084
401
420
1083
1082
1286
1244
1246
1247
488
489
490
491
492
493
494
430
486
1251
1245
1287
1081
1022
1093
1080
1060
1079
996
1089
1179
1177
1078
1243
1242
1077
1241
876
325
381
868
1250
1023
962
981
867
1240
1274
1076
79
869
982
963
1024
1161
877
986
326
382
884
711
1158
1128
1162
775
328
1075
975
1087
774
1088
710
883
1086
1272
1273
234
220
372
864
1249
865
373
532
221
895
533
222
235
194
643
148
162
894
792
892
893
580
581
582
193
192
147
161
368
367
366
179
365
1304
1303
1299
1298
359
987
1044
830
814
579
360
361
362
363
364
1033
815
988
813
889
729
677
947
890
946
945
944
182
183
184
185
132
133
134
135
136
137
138
139
140
141
142
143
144
145
146
1216
216
214
213
212
694
647
765
766
767
768
769
770
771
1094
972
1046
886
538
320
917
1219
319
916
1212
268
269
270
271
272
273
274
275
276
277
278
279
324
1221
977
966
1159
1268
1211
1223
1188
91
992
3
1025
1019
1236
1099
1020
1058
4
993
92
378
983
873
1098
870
1097
967
978
965
1013
1012
1011
1010
286
980
872
875
985
380
94
995
6
1016
1015
1014
1018
1017
1230
1239
1258
1129
1130
1131
316
421
1132
1133
1134
1135
418
1136
445
417
416
1175
578
1156
577
1155
477
1285
1154
565
564
563
402
1026
1262
1150
1265
1151
1090
427
1266
1100
1101
1102
1091
428
990
1224
403
404
405
406
407
408
409
410
411
315
412
413
414
415
444
443
1148
1259
1147
466
1146
442
487
1145
476
991
429
1092
1144
1143
1142
1141
1021
1059
5
994
93
379
984
874
1140
871
979
1139
285
1138
1137
772
773
284
779
778
283
1096
1095
777
282
1160
1163
1257
1126
971
1045
885
263
969
217
218
219
935
264
369
265
321
539
649
648
642
1198
764
370
952
936
266
918
322
540
887
1047
973
1127
1008
1009
974
888
541
323
919
267
693
692
968
371
953
937
1200
585
691
690
689
688
687
686
685
676
684
155
675
891
728
703
702
701
700
699
170
976
989
169
829
754
168
755
756
727
757
674
154
736
758
759
760
761
762
704
584
763
641
640
583
639
638
637
636
635
634
633
153
632
631
630
629
628
167
627
178
177
176
152
175
174
173
1197
166
726
172
171
206
207
208
209
210
211
204
205
725
724
723
722
721
720
719
121
718
717
651
197
227
240
356
201
202
203
120
233
232
231
226
239
1032
860
448
928
478
682
398
497
355
354
353
352
351
350
349
348
347
346
345
344
343
342
341
339
340
24
432
575
593
1201
26
595
1190
811
106
105
104
103
107
108
55
109
713
999
574
1186
67
68
69
70
253
254
255
256
74
395
262
504
484
930
505
257
485
931
246
1054
659
181
855
1185
940
941
942
943
1178
657
1118
658
1119
453
245
244
452
483
503
681
261
807
525
909
1005
73
72
1004
908
524
806
260
680
502
482
451
243
1071
656
1072
857
1056
1073
1031
1074
1042
1043
1030
1297
1296
1181
1182
1295
1294
1040
655
1301
1302
856
1041
501
679
259
805
1300
481
450
242
1180
500
678
258
1293
522
906
907
523
896
1271
605
1051
28
597
64
572
997
472
110
435
1202
1226
1227
1228
1234
571
63
596
27
1235
1050
1288
1290
1292
1291
1002
1289
71
1003
1039
606
1038
29
598
65
573
998
436
111
473
599
30
1052
607
1070
897
600
61
60
59
58
57
56
391
392
393
394
66
112
54
390
389
388
387
670
516
671
441
669
386
385
384
43
823
440
824
825
515
826
827
828
810
1069
511
42
882
439
915
858
514
948
1035
1036
809
510
1037
509
1164
1269
1270
808
1232
914
1034
329
881
438
1231
859
422
1282
1277
1278
910
1057
1174
1191
1103
1067
1167
1169
604
1166
531
458
36
568
1172
1124
1066
1252
460
1117
925
879
781
1123
661
1121
901
459
1281
780
1122
660
900
878
924
1116
1280
419
431
1218
113
730
1279
1207
1206
1203
1275
735
1276
114
467
469
35
496
1189
31
116
115
801
802
457
567
797
932
32
117
927
912
1111
793
903
902
786
664
665
663
880
785
784
783
911
926
782
816
662
817
818
819
820
821
822
330
423
474
666
667
475
331
668
99
98
95
100
101
102
424
904
96
1048
905
37
332
333
334
513
846
847
848
507
1027
812
470
594
25
1028
569
433
590
1194
734
949
1061
592
591
570
434
62
471
508
589
588
587
586
1193
1256
1049
791
796
1120
1110
923
465
1115
1238
603
1063
1064
528
456
1062
800
934
34
119
1237
1204
804
1264
803
731
933
799
1112
455
527
602
1107
1108
1109
1106
464
922
1065
1114
1171
1105
462
921
789
794
788
787
1253
1213
461
920
913
1113
1170
1104
1068
1168
1173
530
529
495
468
118
33
831
798
832
454
566
526
601
833
834
835
836
837
463
838
839
840
795
790
841
842
97
843
844
512
845
437
38
39
40
41
44
45
46
47
48
49
50
51
52
53
335
336
337
338
714
715
716
1229
1000
1196
611
612
613
614
615
616
425
357
241
228
198
617
618
619
621
620
122
622
623
624
625
626
753
752
861
1152
1029
749
751
750
123
853
938
124
854
939
698
697
696
695
1199
1007
1006
200
653
1055
1125
652
199
229
230
358
426
929
480
683
1209
1208
1195
1001
1053
850
851
252
852
521
951
673
499
400
479
399
498
520
251
610
609
608
250
672
950
519
249
899
866
849
898
247
248
518
1205
397
1222
396
506
1192
1214
1233
1210
449
1254
654
125
126
127
128
129
130
131
1284
1255
156
186
187
157
158
159
160
188
189
165
191
190
151
646
215
650
377
1215
238
225
536
862
376
863
537
542
543
544
545
546
954
955
281
776
547
280
548
288
287
1260
709
708
375
707
535
224
237
196
645
150
164
706
705
737
739
738
180
740
163
149
644
195
236
223
534
741
374
742
743
712
744
745
746
747
748
289
80
290
291
292
293
294
295
296
297
298
299
300
301
302
303
304
305
306
307
308
309
310
311
312
313
22
317
21
20
19
1220
1261
18
17
16
15
14
13
12
11
10
9
8
7
327
383
556
555
554
553
552
1217
551
550
81
549
82
956
1267
83
84
85
86
87
88
89
90
1225
1263
959
958
957
2
-1
EOF
