NAME : 1323
COMMENT : Length 359122
TYPE : TOUR
DIMENSION : 1323
TOUR_SECTION
1
15
117
1198
1136
216
1048
266
283
118
282
2
284
285
286
287
288
289
336
335
334
333
3
119
331
332
217
330
267
70
329
1250
1270
1271
869
163
868
30
867
866
865
864
348
863
537
832
831
536
535
830
346
1173
885
1217
1007
28
1043
1166
161
1183
1045
162
1044
1008
29
1218
886
1174
347
69
1047
1046
140
68
265
1135
215
165
164
168
67
264
1170
1321
114
113
112
1240
139
160
1165
1042
27
1006
1197
1320
33
32
31
1175
1005
883
963
962
1267
344
884
1189
1172
345
829
534
514
959
958
957
554
785
805
553
1033
1063
1062
1061
512
1167
1032
1077
552
784
905
1086
1211
1221
1131
602
924
925
926
904
923
608
1084
1223
903
1130
902
1083
922
607
250
1129
1125
982
892
909
669
249
606
921
1082
1117
901
781
782
558
559
560
561
1261
538
510
539
540
932
931
930
929
783
551
927
928
511
531
826
342
841
311
541
542
341
310
543
544
545
546
547
548
549
550
218
219
220
271
270
213
1289
145
39
312
313
314
315
316
317
933
166
65
110
269
268
562
64
144
38
1179
881
965
309
840
340
825
1080
509
1066
1079
1031
1076
1030
1102
1065
508
1118
824
1119
339
839
308
964
880
1120
1121
872
873
37
874
143
875
63
109
876
877
878
748
222
12
1128
1279
976
975
11
221
747
974
973
107
61
972
141
530
34
971
970
870
526
527
871
1040
1087
36
887
142
528
35
529
1085
62
108
1181
1176
1216
338
521
307
522
523
524
525
969
968
879
967
1263
1278
618
337
617
507
616
615
614
613
612
518
519
520
1064
1101
1029
1075
920
605
247
791
759
756
755
754
753
752
751
750
274
383
382
381
380
379
378
377
376
375
374
373
687
688
689
690
691
692
693
694
758
1124
696
697
667
757
695
1123
823
891
908
913
1000
272
977
710
1224
1229
1139
1016
713
1230
995
619
620
816
817
818
819
820
714
821
822
711
273
245
1262
609
610
611
603
1081
919
604
246
668
248
792
790
1296
914
978
1015
715
1014
997
1213
1214
1140
1017
716
717
848
847
621
706
581
582
583
584
585
586
587
588
589
590
591
276
592
593
594
1273
1298
707
708
709
712
1001
275
979
915
1126
983
893
910
1215
916
670
251
1299
1297
595
596
597
598
599
600
601
252
1274
1116
671
253
1021
1285
1272
277
1127
980
945
906
1003
1002
1115
1220
1018
1160
1163
718
996
1318
793
794
795
655
656
657
658
659
660
661
662
279
981
280
1027
1134
719
849
984
765
766
767
720
768
769
770
449
448
447
446
445
444
443
369
442
441
440
438
437
436
435
434
177
149
895
491
889
224
1295
433
432
223
631
500
295
212
632
296
1238
1237
82
81
1236
457
106
105
1037
1036
196
1035
634
566
1024
650
352
1275
934
935
354
652
1026
568
636
1164
198
1106
306
1059
1058
197
1057
635
567
1025
651
353
1317
1056
1053
1316
1159
1146
1149
1143
1158
302
1052
1051
1050
301
239
1049
258
76
9
43
1013
355
169
385
122
44
10
77
259
1156
240
75
257
1155
238
300
1157
1142
1148
1315
1235
1067
173
357
79
261
236
298
1153
1152
1151
360
7
358
41
384
172
120
1133
1304
1312
1039
1219
356
170
171
121
42
8
361
80
256
299
1069
237
1068
1244
1313
1247
1071
1070
1072
1073
1288
675
674
673
1074
1147
1141
1243
1303
1311
1253
1254
1089
359
78
260
235
297
1090
1091
1092
1093
1094
86
1291
1302
1310
1252
1233
45
46
47
48
49
50
51
52
290
386
199
1245
1234
1241
1242
323
391
392
393
226
394
227
228
229
398
181
729
730
731
156
680
19
732
733
742
745
807
18
679
155
991
1185
834
180
397
396
179
833
1184
990
154
678
17
806
744
741
481
809
810
811
1020
999
482
998
952
987
739
734
735
736
737
738
483
953
1196
988
743
746
808
20
681
157
992
1186
835
182
399
230
400
231
401
184
837
1187
993
158
183
836
985
986
682
946
989
994
412
411
410
409
21
408
407
406
405
404
403
402
232
1280
174
233
838
950
740
159
951
492
417
364
579
580
363
416
415
414
413
362
372
371
496
685
684
424
495
686
494
812
430
423
815
814
813
1132
1231
911
422
429
1232
493
890
1019
1258
480
479
478
477
476
475
474
471
472
473
16
470
153
469
468
467
178
395
225
466
465
464
936
1306
1307
1257
390
389
388
387
1009
937
843
1112
501
639
640
641
642
624
503
1113
844
643
625
504
1114
1011
1111
938
1010
1110
724
725
726
727
728
502
623
622
324
291
723
200
201
1107
292
325
326
293
1108
202
55
54
53
722
134
135
186
459
458
185
1290
1200
1205
1204
1203
123
1177
1190
1225
1226
1137
1193
1138
461
1195
1194
1227
1201
460
187
1287
939
845
846
505
626
644
645
627
506
949
948
941
208
947
1012
940
207
206
205
204
203
56
136
188
137
57
138
189
462
1202
1228
101
100
99
98
97
96
95
94
93
92
91
90
89
88
87
1308
672
1154
1251
676
349
487
489
488
191
1096
1097
1098
1095
677
124
193
192
125
126
127
305
304
303
647
633
563
569
350
1022
1054
1161
1144
1055
1162
1145
565
570
649
351
1023
564
194
573
572
195
571
574
104
1286
648
454
575
130
129
128
103
1314
463
102
1099
1100
1239
58
425
426
1294
1260
628
497
701
209
700
699
698
190
131
132
721
1105
1292
1248
637
1249
1293
210
427
638
629
498
327
262
59
133
319
318
431
1038
455
456
917
918
83
84
85
60
1191
1192
1109
263
328
294
320
321
322
211
428
499
630
176
148
955
954
1282
1266
175
702
147
234
646
150
151
152
22
23
71
1264
683
703
704
653
485
576
705
484
1150
1180
418
365
1309
366
419
654
367
1265
420
368
577
956
1319
1259
888
490
894
72
24
25
73
439
74
26
942
578
486
421
370
943
944
912
1276
1283
1284
450
451
452
453
1256
1255
1268
1269
850
851
852
853
854
855
856
857
1323
858
556
557
859
860
861
862
517
1028
1169
1104
1208
516
515
1207
1103
1168
1034
555
786
1301
1060
1222
780
779
778
777
776
775
281
771
772
773
774
241
1300
907
1322
242
666
665
664
663
1281
1277
1246
278
796
797
798
799
254
800
801
802
803
804
244
243
255
896
897
898
899
900
960
961
513
828
533
1305
532
827
1078
343
842
966
882
1041
1122
1004
1209
1088
40
146
1188
167
66
111
1182
1171
214
749
760
787
13
788
5
1178
1210
789
14
115
761
116
762
763
1199
6
4
1206
1212
764
-1
EOF
