NAME : 1432
COMMENT : Length 176973
TYPE : TOUR
DIMENSION : 1432
TOUR_SECTION
1
4
3
13
14
15
1329
1328
1327
1313
1316
1333
1332
1330
1331
5
1340
1339
1338
1334
1315
1314
1317
1318
1319
1312
1326
1324
16
17
21
20
18
19
25
24
23
22
27
30
28
26
33
34
32
31
38
40
41
1291
1292
1303
1304
1305
1306
1309
1288
1290
29
1325
1289
1322
1321
1323
1320
1311
1310
1307
1308
1301
1300
1302
1293
1287
42
43
39
37
35
36
78
85
86
87
88
89
91
90
84
83
81
80
1162
1165
1166
1167
1169
74
1168
75
76
79
77
70
73
69
72
71
48
44
49
47
50
62
68
67
66
65
63
61
59
58
1275
1277
1268
1278
1279
1280
57
1284
1283
1296
1295
1285
54
56
55
60
53
46
52
45
51
1294
1286
1299
1297
1298
1281
1282
1269
1270
1267
1266
1263
1264
1262
1260
1254
1186
1181
1185
1183
1184
1261
1265
1273
1272
1271
1274
1276
1182
64
1176
1179
1180
1187
1188
1137
1178
1177
1139
1138
1136
1135
1140
1141
1142
1172
1173
1175
1174
1171
1170
1143
1145
1146
1147
1057
1058
1134
1061
1059
1056
1042
1041
1039
1040
1043
1044
1038
1045
1046
986
987
985
984
1048
981
983
982
980
979
978
974
975
976
1073
1097
1099
1100
1070
1068
1065
1066
1067
1069
1071
1054
1063
1064
1129
1130
1122
1126
1119
1125
1123
1124
1190
1189
1191
1194
1193
1192
1255
1258
1259
1245
1246
1243
1242
1239
1241
1235
1249
1248
1250
1247
1244
1257
1253
1256
1252
1251
1197
1196
1195
1198
1199
1200
1201
1202
1205
1203
1204
1207
1206
1208
1209
1210
1213
1214
1215
1230
1231
1229
1226
1223
1237
1232
1233
1234
1236
1238
1240
1224
1225
1222
1221
1227
1228
1220
1218
1217
1219
1216
1212
1211
1107
1106
1104
1108
1109
1105
1110
1112
1111
1114
1113
1115
1117
1116
1118
1120
1121
1127
1128
1131
1133
1132
1062
1060
1055
1053
1047
1049
1052
1050
1051
1072
977
971
972
973
1078
1077
1076
1074
1075
1096
1098
1101
1102
1103
1090
1089
1088
1087
1085
1084
1083
1081
1082
1086
1092
1091
1093
1094
1095
1080
1079
970
969
961
960
962
968
966
967
964
963
965
959
958
957
956
952
951
950
948
947
946
942
941
940
939
938
937
936
935
934
933
930
929
927
926
295
294
293
296
297
292
291
290
298
301
918
919
300
299
920
894
923
924
925
928
931
932
943
944
885
882
883
884
887
888
889
886
945
949
953
954
955
874
875
873
872
871
870
879
878
876
877
880
881
855
854
853
852
851
850
849
848
856
857
858
861
866
869
890
891
892
862
867
868
865
864
863
817
818
821
859
860
845
846
847
844
839
841
843
842
840
838
833
837
836
835
834
826
831
832
830
829
828
827
824
823
822
820
819
816
815
811
812
810
898
897
896
893
895
906
922
915
921
916
917
912
911
914
910
793
908
909
907
905
904
903
902
901
899
900
807
808
809
813
758
754
760
761
759
753
752
814
750
745
742
741
743
744
825
733
737
735
736
731
734
732
729
730
727
726
725
724
723
728
720
709
708
707
701
685
699
700
703
704
702
706
705
710
711
712
713
714
715
716
717
718
719
722
721
684
682
683
738
740
739
748
746
747
749
751
676
677
678
681
686
698
697
688
693
696
695
694
692
690
670
691
668
669
671
689
672
687
680
679
675
674
673
763
762
655
654
653
647
645
652
656
657
667
666
665
664
658
663
659
662
660
644
661
641
642
643
646
648
651
649
650
589
633
632
636
637
638
640
639
635
634
631
630
628
626
625
627
629
590
583
584
585
586
587
588
778
779
780
781
775
776
774
777
772
773
771
768
770
769
764
755
757
756
765
767
766
805
806
804
803
802
801
800
798
796
799
797
794
795
791
790
789
792
913
788
783
787
782
786
785
784
313
312
311
314
310
302
309
303
308
304
306
326
318
317
316
315
418
421
419
420
422
423
424
425
428
427
432
434
437
436
406
407
350
408
410
412
413
411
409
435
433
431
430
429
417
414
415
416
319
320
321
325
327
305
307
331
330
329
328
335
336
337
338
339
341
324
322
323
348
349
351
361
360
346
347
342
343
344
345
340
185
184
183
182
362
359
353
352
405
403
400
398
396
397
395
394
393
392
391
390
466
467
468
464
465
460
459
458
449
450
451
454
455
457
482
456
481
480
483
484
486
485
479
475
478
476
477
469
461
463
462
472
470
471
474
473
504
505
507
508
509
510
513
512
511
518
514
515
516
517
519
520
521
522
524
525
528
529
527
526
533
534
523
497
496
501
506
503
502
500
499
495
498
493
535
536
492
491
494
487
490
488
489
440
559
558
557
554
553
539
538
540
537
532
531
530
543
542
541
546
545
544
608
607
609
548
547
549
550
551
552
555
556
564
565
569
570
611
612
613
614
615
593
594
591
592
618
624
623
622
621
619
617
620
600
598
601
599
602
604
603
606
610
605
597
596
616
595
573
575
578
580
582
581
579
577
576
426
572
574
571
568
566
567
438
563
562
560
561
439
442
441
453
448
444
443
445
446
447
452
399
401
402
404
354
357
386
387
385
356
355
358
363
364
365
366
181
180
179
372
371
367
384
388
389
382
381
378
377
379
380
383
373
374
375
376
370
369
368
165
167
168
170
171
174
176
178
196
194
191
192
186
188
273
274
275
278
280
282
287
334
332
333
289
288
284
286
1001
1000
999
998
993
994
992
995
991
1017
1016
1014
1013
1015
996
997
1002
1003
1005
1012
1011
1010
1021
1020
1022
1023
1019
1024
1026
1027
1028
1025
1018
989
988
990
1029
1030
1037
1031
1035
1036
1148
1150
1144
1164
1149
1152
1163
1161
1153
1151
1032
1034
1033
1157
1154
1156
1155
1158
1160
1159
82
254
253
252
250
242
243
246
241
245
244
98
97
100
103
101
99
102
218
220
222
223
221
219
226
225
224
236
238
240
260
239
237
235
227
228
229
230
231
232
200
201
202
204
203
214
215
216
217
110
109
108
106
107
1429
1428
1427
1426
1425
1424
1423
1413
1410
1412
1345
1347
1364
1363
1356
1348
1344
1349
1343
1342
1341
1351
1350
1353
1352
1335
1337
1336
1355
1354
1357
1358
1361
1360
1371
1375
1381
1370
1369
1384
1380
1376
1374
1372
1373
1377
1379
1378
1386
1387
1388
1391
1392
1393
1390
1395
1394
128
1404
1405
1406
1403
1401
1402
1400
1399
1396
1389
1385
1397
1398
1383
1382
1366
1368
1359
1362
1365
1367
1346
1411
1409
1408
1407
1417
1420
1416
1415
1414
1422
1421
115
116
117
1419
1418
127
129
130
131
132
133
135
142
144
143
141
140
139
138
137
136
126
134
125
124
121
123
120
122
119
208
209
207
211
113
112
118
111
114
212
213
206
210
152
153
205
154
151
150
149
147
148
146
145
162
161
160
166
164
163
169
172
173
159
158
157
156
155
199
198
175
177
197
195
193
190
189
187
269
272
270
268
233
234
266
265
267
271
276
277
279
264
263
262
261
1008
1007
281
283
285
1004
1006
1009
256
257
258
259
251
255
249
248
247
92
93
94
96
95
9
10
11
12
6
2
7
8
104
105
1430
1431
1432
-1
EOF
