NAME : 159
COMMENT : Length 50066
TYPE : TOUR
DIMENSION : 159
TOUR_SECTION
1
159
2
5
6
153
152
7
8
9
10
146
149
147
148
151
154
155
150
133
134
135
136
137
139
141
145
143
144
11
12
13
14
15
17
16
22
23
24
26
28
27
25
21
20
29
30
33
34
35
32
31
19
18
142
140
138
37
36
38
39
40
41
43
123
42
132
131
127
128
124
129
130
114
115
116
122
121
120
119
117
118
93
92
91
90
89
94
95
96
87
88
77
76
75
50
48
47
46
45
44
49
51
74
52
53
54
56
55
57
58
59
60
61
63
62
64
65
66
67
68
69
73
70
71
72
78
79
80
81
82
83
84
85
86
97
98
99
100
101
102
103
104
105
106
107
108
109
110
111
112
113
125
126
158
157
156
4
3
-1
EOF
