NAME : 1748
COMMENT : Length 441875
TYPE : TOUR
DIMENSION : 1748
TOUR_SECTION
1
506
980
745
514
733
103
257
483
725
641
756
759
613
513
749
486
760
757
67
747
982
579
87
478
353
767
470
348
430
512
74
487
750
508
174
642
640
614
612
639
893
875
741
273
602
628
601
626
362
624
243
419
170
346
459
763
25
65
712
546
382
84
450
53
217
526
56
272
50
392
241
582
427
38
547
41
255
561
534
47
888
443
1072
188
945
403
694
361
400
266
397
883
688
697
1071
797
887
402
462
573
729
523
673
570
331
670
479
303
536
815
409
943
537
942
947
944
187
304
1070
814
897
966
967
936
937
935
915
939
938
940
917
1272
1441
1589
1383
1531
1493
1409
1664
1495
1652
1439
1282
1680
1663
1651
1662
914
916
1747
1268
1195
1370
1419
1665
1123
1231
1653
1219
1578
1335
1666
1654
1331
1511
1667
1505
1098
1668
1509
1634
1421
1339
1255
1354
1748
1329
1327
1590
1357
1242
442
540
949
946
920
918
79
941
919
948
80
816
898
892
874
623
625
1065
812
627
1066
813
1744
1119
1520
1471
1342
1185
1362
1213
1743
1104
1106
1587
1224
1411
1417
1324
1628
1100
1102
1643
1094
1233
1347
1637
1096
1425
1447
1433
1210
1640
810
811
1064
1304
1126
1317
1291
1469
1470
1424
1301
1227
1539
1558
1459
1368
1554
1247
1250
1588
1553
1087
1112
1356
1460
603
604
631
630
629
632
634
636
638
637
635
633
611
876
895
894
610
609
607
608
606
605
1294
1472
1376
1349
1403
1473
1557
1297
1474
1382
1461
1118
1462
1475
1128
1476
1463
1388
1545
1445
1629
1690
1641
1543
1549
1551
1400
1465
1562
1478
1187
1135
1131
1386
1466
1479
1366
1467
1541
1468
1688
1140
1155
620
622
621
619
618
616
615
643
646
644
617
645
127
979
744
456
105
726
424
991
431
259
453
871
71
511
3
988
770
146
771
802
147
1364
1624
1168
1561
1630
1237
1727
1359
1350
1706
1700
1710
1533
1696
1526
1345
1529
1483
1694
1726
1581
1037
801
1038
1039
1626
1074
1402
1164
1638
1116
1656
1085
1114
1148
1621
1206
1617
1016
1018
1017
1678
1742
1714
1713
1535
1414
1197
1614
1371
1611
1180
1379
1194
23
204
24
474
463
854
205
1086
1207
1380
1372
1615
1198
191
855
464
530
475
190
68
163
531
964
1415
1063
735
850
186
162
141
858
864
889
868
445
997
1006
877
652
128
978
743
455
91
97
484
996
990
258
2
987
732
1012
510
923
117
963
872
452
70
720
432
446
869
803
890
863
1062
857
849
185
962
873
922
870
447
433
451
69
116
995
1011
731
989
986
129
977
742
454
98
92
140
509
161
878
734
1005
176
769
145
104
175
772
507
746
981
578
86
477
352
766
469
73
711
64
458
75
764
768
279
441
173
429
423
26
762
349
651
66
440
761
350
428
85
476
351
765
719
782
468
710
457
549
277
172
739
449
393
240
600
55
696
687
884
40
399
286
426
216
189
444
83
381
545
359
548
81
525
581
267
254
560
533
171
420
740
237
212
437
415
345
541
44
693
252
408
310
669
330
796
480
226
46
37
396
461
572
728
522
672
965
569
781
302
535
360
52
271
692
43
249
250
1000
49
309
407
668
1009
401
329
36
395
344
481
1003
225
39
695
686
885
398
414
1015
542
253
559
532
438
425
580
235
524
268
236
421
422
63
82
380
72
544
394
448
439
214
234
976
596
718
278
232
233
276
213
543
413
650
215
275
224
251
460
975
42
571
727
308
209
521
671
709
568
51
48
54
57
78
102
520
229
151
296
471
280
164
708
223
738
90
248
795
142
118
341
386
527
674
218
564
45
58
528
675
219
1014
59
1008
227
497
557
707
89
405
798
156
299
737
679
320
222
135
14
787
784
110
566
417
261
1056
5
195
19
323
411
247
493
18
21
364
501
165
281
61
563
1002
143
119
342
387
472
297
347
207
335
370
152
228
334
324
182
307
101
333
583
786
134
109
194
494
20
496
498
260
1055
4
567
576
300
783
155
799
77
406
558
208
412
60
500
365
369
418
499
336
325
211
519
495
800
181
154
678
16
133
301
677
316
971
956
715
338
680
658
315
383
822
689
828
550
683
287
285
983
700
356
955
138
112
586
970
28
377
368
961
374
952
10
649
773
716
158
994
317
972
13
11
957
794
339
960
367
681
376
690
659
993
684
551
373
378
951
648
575
774
159
29
157
969
954
137
518
113
587
318
717
973
332
379
565
160
785
416
776
321
183
15
111
30
1001
1013
788
197
6
584
337
502
371
298
473
166
22
363
206
262
1057
562
585
62
282
153
388
999
343
529
676
220
120
144
599
886
930
932
934
913
933
931
911
929
910
912
1661
1215
1650
1660
1497
1649
1108
1659
1413
1150
1289
1321
1636
1166
1642
908
906
904
901
779
924
1305
899
555
1201
1076
1517
1430
1239
1208
1393
1707
1738
1644
1657
1449
1566
1292
1285
1084
1645
1434
1396
1646
1647
1310
1182
1648
1264
1658
1378
1110
1220
1172
1252
909
896
927
539
925
928
926
907
905
902
900
903
1007
556
998
322
17
777
264
245
491
489
244
246
263
265
554
778
775
1524
1565
1499
1265
1277
1340
1457
1174
1570
1579
1160
1389
1228
1090
1390
1572
1144
1703
1229
1240
1241
1391
1429
1192
1701
1278
1082
1711
553
492
490
488
1684
1332
1336
1178
1283
1436
1406
1315
1451
1146
1300
1405
1080
1674
1480
1129
1567
1716
1420
1718
1723
1715
1121
1717
1669
1501
1287
1722
1137
1721
1671
1161
1175
1692
1605
1675
1681
847
839
825
667
655
124
838
665
654
305
840
792
221
283
289
685
372
552
574
968
703
985
136
953
950
682
340
793
959
366
691
661
375
594
826
853
179
820
169
790
33
149
32
95
390
1048
1041
107
789
1045
31
834
1602
836
435
466
106
1046
203
817
467
1067
841
829
1028
1027
434
269
1244
270
835
1546
1245
1603
1261
1273
1352
1719
1234
311
312
1026
313
1274
1091
1720
1606
1599
1573
1141
1731
1374
1170
1745
1591
1205
1134
1729
1732
1158
1595
1323
1604
1593
1184
1619
1585
1190
1623
1633
1152
1583
1739
1260
1078
842
830
132
823
837
9
804
867
882
391
1058
292
123
807
861
1068
1047
1042
96
131
202
1044
150
8
180
805
860
866
881
1059
122
291
808
992
385
736
354
125
199
705
824
200
818
706
831
1069
832
819
833
846
1319
1536
1697
1491
1608
1153
1746
1485
1516
1454
1607
1600
1597
1203
1613
843
844
845
1313
1298
1592
1601
1269
1488
1253
1507
1258
1216
1503
1596
1307
1609
1514
1428
1311
1442
1575
1029
1030
1031
1032
1033
515
517
516
1021
1025
1023
1024
1019
1022
1020
538
319
598
404
410
358
88
114
588
647
12
306
780
958
357
76
100
355
984
701
288
284
384
821
664
653
704
806
852
7
130
465
34
314
752
293
256
436
201
1043
108
1040
1049
865
198
126
827
809
178
592
1060
168
859
880
389
94
290
121
791
148
35
167
851
591
663
656
590
662
589
295
754
294
753
751
1547
1353
1235
1262
1730
1169
1204
1157
1373
1452
1142
1728
1092
1133
1077
1489
1322
1259
1733
1574
1632
1151
1622
1486
1189
1740
1183
1618
1612
1202
698
1512
1584
1453
1515
593
1484
1586
1490
1154
666
657
660
699
1318
1594
1487
1506
1500
1257
1598
1502
1254
1427
702
1513
1691
1089
1314
1299
1308
1286
1176
1682
1312
1676
1576
1162
1672
1523
1670
1079
1450
1673
1145
1481
1698
1050
1734
1276
1683
1199
1177
192
1275
1498
1564
1051
193
1081
1266
1571
1159
1270
1569
1173
1143
1191
1443
1437
1735
1052
196
1200
1736
1580
1054
1053
1035
1238
1392
1431
1725
1036
1333
1448
1737
1724
1083
1075
1034
210
1209
1394
1284
1337
1279
1293
326
503
327
1306
1395
1109
1309
1397
1217
1251
1341
1280
1181
328
595
1455
1130
1171
1377
1263
1537
1221
1577
1165
1320
1407
1149
1138
1288
1412
1122
1107
1685
1105
974
1214
1435
1101
1103
1099
1438
1518
1496
274
1248
1494
1708
1408
238
1225
1330
1281
1679
1326
1093
1271
1334
1290
1530
1492
1440
1267
1097
1384
1369
1418
1230
239
1702
1704
1303
1218
1222
230
1508
1246
1510
1095
1212
1504
1482
1458
1712
1635
231
504
1346
242
1338
1328
1256
1226
1232
1196
1446
1525
1432
1422
1416
1223
1686
1358
1410
1243
1249
1211
1124
1344
1355
1361
1325
1111
1125
1343
1423
1316
1117
1186
1302
1538
1426
1367
1519
1559
1555
1113
1120
1552
1375
1568
1348
1295
1556
1296
1381
1127
1088
1387
1073
1544
1444
1464
1399
1689
1528
1542
1398
505
597
1456
1548
1550
1477
1563
1236
1139
1404
1534
1385
1163
1365
1560
1540
713
1167
1147
1687
1693
1156
1532
1521
1695
1699
1709
1705
714
723
1522
1741
1132
1610
1527
1616
1620
1639
1655
1677
1627
1582
1625
1136
1631
1188
1360
1363
1115
1193
1351
1179
1401
722
184
921
93
848
1061
862
891
856
99
879
177
1004
115
730
1010
721
139
482
758
755
724
748
577
485
27
-1
EOF
