NAME : 1889
COMMENT : Length 427708
TYPE : TOUR
DIMENSION : 1889
TOUR_SECTION
1
1853
751
914
56
1852
866
845
126
1851
1854
1850
1855
1856
127
846
867
1857
57
915
752
593
594
260
595
264
263
262
261
1067
1168
1745
1742
1455
1307
1084
1153
1386
1356
1686
1184
1083
55
1152
54
1752
1348
1098
1151
1385
1082
1741
1242
1511
1070
1754
1437
1129
1410
1122
1379
1747
1744
1294
1454
1306
1167
358
844
1185
432
124
125
357
53
383
434
433
123
1186
431
435
436
437
438
439
440
283
282
3
865
1044
1043
382
747
913
52
356
1008
122
1687
1355
1183
1097
1732
1121
1800
1148
1749
1887
1700
1758
1595
1795
1721
1689
1730
1736
1753
1510
1128
1378
1746
1241
1069
1409
1743
1293
1166
1305
1740
1453
1081
1150
1384
1347
1436
1751
1580
430
121
1007
843
355
51
912
746
381
1062
2
1240
1016
350
256
1594
1735
1048
1784
1227
600
1785
172
569
952
1502
546
601
545
1229
602
568
171
359
27
30
29
28
64
129
130
65
666
836
792
835
135
136
6
137
138
139
140
141
142
143
144
145
146
147
1102
1341
1358
1362
1363
1359
108
1342
148
149
1345
1231
1230
1344
1101
1340
1357
1361
1169
1172
1694
1108
182
1173
1174
109
1109
183
184
185
186
187
188
189
190
191
397
396
395
394
150
151
152
153
154
155
156
157
158
603
161
160
159
560
604
478
605
606
163
162
406
405
404
403
402
401
398
399
400
192
193
194
195
196
197
198
199
662
479
719
834
698
649
780
942
458
934
652
705
559
480
1025
816
1490
468
469
470
471
709
112
1676
1338
1331
1364
22
21
20
19
18
1071
17
16
15
14
13
12
11
692
10
587
1004
9
1039
884
287
380
393
590
1164
589
392
987
286
883
1038
8
1003
586
1024
1609
176
1706
869
313
482
565
180
852
853
181
566
483
314
870
1674
177
1604
1575
1714
1258
1675
693
694
695
696
697
654
1259
1715
1576
1605
460
461
462
463
464
465
466
467
477
674
720
556
699
650
781
943
459
935
653
706
111
992
729
820
889
1464
1707
819
888
1423
1610
1611
1695
110
818
851
179
564
481
1693
312
868
175
588
391
986
285
882
7
1002
585
1692
1251
1255
1100
1086
1705
1713
1623
1574
1395
1247
1726
1757
1608
1673
1716
1506
1603
1412
1154
1589
1698
1561
1769
1238
1531
1103
1508
1799
1366
1212
1718
1219
1810
1010
954
554
555
551
963
962
174
361
552
1633
1322
998
134
681
69
677
670
1396
669
1021
1020
794
793
1041
1042
668
1028
68
680
689
133
67
132
688
679
678
687
131
66
667
1023
1624
1022
1399
1321
1375
1619
1632
1215
1583
1503
1398
1618
553
953
360
173
570
1054
1813
547
1189
1374
1794
1326
1763
1660
1760
1782
1775
1724
1642
1786
1180
1228
1703
1811
1192
1188
449
450
448
447
446
445
1187
444
443
442
441
257
351
1801
1045
1688
1690
4
284
1722
352
353
1009
354
1049
1733
258
1596
1061
259
1047
1060
860
1056
599
1050
428
1036
1661
1764
1765
1191
453
1190
452
549
1181
451
863
862
861
859
1059
1046
1058
1796
1643
1761
427
1327
548
1809
1055
571
1220
454
455
1530
978
572
456
362
960
663
955
1051
1783
1793
1762
1702
1225
1725
1373
1644
1731
1787
1797
1691
1774
1802
1723
1701
1149
1759
1581
1750
1737
5
660
881
387
386
385
384
748
749
750
1063
1068
1748
1295
1243
1380
1438
1411
1512
1130
1123
1734
1755
1808
1328
1798
1367
1213
1719
1766
1221
1529
1239
1770
1699
1756
1155
1413
1214
1717
1246
1504
1507
1193
1704
1812
1888
1182
270
1125
957
1505
958
959
457
363
961
956
664
1323
1085
1376
1620
1400
1634
1509
1222
1397
1625
1099
1584
1590
1250
1256
1257
1562
1630
1308
1579
1582
1415
1132
1165
1662
1555
1171
1141
317
1421
710
871
178
592
1727
1665
1664
1006
753
990
691
676
581
58
989
128
675
63
62
61
60
665
582
583
1629
584
754
1414
1131
1553
591
1391
1104
1107
23
1352
567
1196
1105
1554
1170
288
885
1037
755
1005
1032
690
1309
1034
886
289
1649
315
701
103
700
1263
102
1486
655
1492
1317
964
673
672
472
714
1245
661
1651
731
473
474
332
331
330
329
328
327
326
325
324
323
322
1139
321
320
319
318
105
1728
1666
965
707
782
1035
557
713
712
704
703
645
1261
656
702
1650
646
657
933
833
887
104
24
316
1197
1199
25
364
106
26
1159
1416
1289
1093
1072
1262
1260
1365
1465
1424
1353
1332
658
1781
647
1318
1158
367
366
365
368
369
370
371
372
373
1216
1417
1513
1739
1268
1264
1278
1249
1281
1282
1631
1419
1244
1279
1195
1273
1283
1248
1280
1652
1540
1489
1339
1679
1217
1422
1401
1194
1299
1668
1390
1607
1254
1448
1394
1383
1204
1869
1677
1551
1319
1346
1372
1310
1469
1426
1697
1552
1201
1127
1053
817
841
1360
1087
1138
1161
1208
842
273
79
340
339
338
337
336
335
334
333
1667
1729
685
515
1057
786
758
1868
1203
1382
785
757
1696
1425
1160
1200
1126
77
308
309
216
1493
850
890
839
788
1826
995
789
800
923
801
790
840
1142
1143
1144
761
917
898
1558
858
980
1550
1527
1470
1864
1524
1179
1708
1654
1350
1599
1303
1622
1427
1849
1861
1711
1518
1614
1015
1014
1592
425
1013
771
976
928
1012
423
974
1052
772
1314
424
1841
744
117
378
1640
1656
1134
1542
1804
1521
1791
1118
1315
1815
1443
1091
1593
1162
1537
1095
1846
1559
1842
1818
1175
1441
1807
1578
1432
1573
1468
993
829
947
48
1773
717
41
35
899
1772
305
304
100
1135
1136
306
1543
1805
1792
1119
1522
303
119
302
301
300
299
298
297
296
295
294
293
292
291
290
236
940
1516
426
1517
1387
1388
1615
1617
1616
745
1865
1223
1628
1133
1145
234
1116
1113
235
237
238
239
240
1114
241
1115
242
243
244
245
246
118
247
1120
250
249
248
99
1669
1565
1671
1146
1680
1789
1483
1485
1874
1434
1449
1458
1870
1678
1074
1501
1439
1475
1325
1237
1267
1272
1532
1075
1297
1872
1291
1275
1478
1879
1636
1078
1496
1335
1403
1567
1683
1646
1885
1844
711
34
644
643
253
416
98
776
777
642
1444
906
116
983
377
97
775
774
773
743
1027
968
1026
742
970
115
982
376
96
252
1538
418
905
988
375
981
114
969
997
741
1709
1428
1526
1817
999
848
740
894
1000
1001
113
379
1474
101
904
417
251
779
1442
38
1274
1477
1290
1296
1871
32
349
1040
33
348
908
40
1450
911
47
946
828
830
1337
1884
1645
1682
1460
1080
1402
1566
49
46
39
42
45
1077
1878
1452
1534
1271
1635
1495
873
831
1405
1685
872
730
901
1324
1435
1433
1482
1788
1670
1681
1873
1889
1467
1073
1843
1266
1672
1147
37
1065
718
1277
1298
1292
36
1882
1276
1638
1079
1459
1497
1647
1684
1404
1568
1336
50
1648
919
1637
1270
716
44
910
1066
1033
1883
1451
1076
1533
1269
1877
1876
909
43
715
1875
1546
984
924
255
1544
1658
1641
1659
1657
307
1545
1466
31
925
254
1096
641
778
1235
120
640
639
638
633
1233
419
634
1234
635
636
637
1351
738
1301
737
420
1300
736
733
734
735
513
726
632
512
631
630
629
628
627
1232
542
626
625
624
623
622
621
994
1029
991
907
1019
1011
985
950
921
944
791
892
618
619
620
617
616
615
614
280
613
612
611
214
610
73
170
166
167
168
169
609
608
574
607
561
164
165
407
408
409
410
411
412
413
414
374
74
211
210
209
208
207
206
205
204
203
202
201
200
562
682
575
576
683
563
1252
577
578
517
514
723
684
1320
271
75
518
579
849
346
311
215
519
520
521
522
523
524
525
526
527
1354
496
495
494
493
492
491
490
489
488
487
486
485
484
345
212
213
276
275
274
415
310
344
783
837
930
281
896
832
900
1431
1626
279
278
277
1494
1820
1463
1836
1570
1823
1563
1829
1446
1601
1819
1585
1834
1548
1500
1515
1886
1370
1488
1211
543
1030
1031
1720
1520
1440
1408
1862
1663
1881
1627
511
510
509
508
507
506
505
504
503
502
501
500
499
498
497
804
808
809
810
811
812
813
815
814
544
537
538
536
535
534
533
532
531
530
529
528
1602
1284
1311
1312
1285
1547
724
725
1859
1286
1860
728
1621
1835
1205
539
1288
1461
1207
1600
920
727
540
1202
1845
1549
1206
1462
1287
1597
1586
1535
1839
1591
1177
1472
1528
1816
1525
1577
1710
1481
1653
1814
1349
1302
1304
1429
1572
1473
1560
1803
1163
1236
1806
1519
1712
1094
1539
1316
1639
1790
1564
1176
1445
1092
1484
1655
1541
1523
1117
1137
893
1471
421
932
1480
739
847
1613
1612
931
1479
1587
926
1840
1588
1598
1536
1017
975
927
422
973
1018
1178
1848
1371
1847
856
1863
765
766
1313
767
768
769
770
977
929
979
857
897
760
916
880
972
938
967
1838
1831
1825
1557
1556
806
1824
1837
1830
1827
1821
805
922
948
1498
949
1832
1833
951
971
937
1499
1822
1828
966
764
759
855
1880
1210
1369
854
1368
541
1209
1343
945
838
1491
1330
1738
76
756
784
1381
1393
1329
1389
1606
1253
1447
272
78
795
796
797
798
799
1430
891
895
941
347
217
343
342
341
218
219
220
221
222
223
224
1110
225
226
1111
227
1112
228
229
230
231
232
233
918
762
902
903
763
939
1514
1778
936
1777
1780
1064
1776
803
1779
89
90
1088
91
1089
1487
92
93
94
95
879
878
877
876
875
1867
1571
807
1457
1407
1406
1456
802
1569
996
1866
580
874
88
87
86
85
84
83
82
81
80
1090
72
71
1334
70
787
827
516
686
826
732
475
825
721
671
476
722
558
824
708
648
659
823
822
821
107
1333
1157
1140
1218
1476
1420
1265
1198
1392
1106
1418
1224
1377
864
59
1156
1771
651
573
550
1768
1767
429
1124
1226
1858
596
597
390
598
269
268
267
266
265
389
388
-1
EOF
