NAME : 195
COMMENT : Length 2716
TYPE : TOUR
DIMENSION : 195
TOUR_SECTION
1
2
3
4
5
6
7
8
9
10
11
12
13
26
25
24
23
22
35
36
37
38
39
52
51
50
48
47
34
21
20
19
18
17
16
15
28
29
30
31
32
33
46
45
44
43
42
55
56
57
59
60
61
49
62
63
64
65
78
75
76
89
88
90
77
91
104
102
100
101
113
114
115
103
117
116
130
143
155
141
139
137
138
140
142
129
128
127
126
125
124
112
111
110
122
121
119
120
133
134
135
123
136
149
148
147
146
160
161
150
163
162
175
176
177
164
151
152
153
154
156
169
180
167
168
166
165
178
179
181
182
195
194
193
192
191
190
189
188
187
186
185
184
183
171
172
174
173
159
170
157
158
144
145
132
131
118
106
105
94
107
108
109
96
98
99
87
86
74
73
72
58
71
70
69
68
80
81
82
83
84
85
97
95
93
92
79
66
67
54
53
40
41
27
14
-1
EOF
