NAME : 2152
COMMENT : Length 78373
TYPE : TOUR
DIMENSION : 2152
TOUR_SECTION
1
2152
2151
2150
2149
54
55
56
57
58
59
60
61
63
62
44
41
40
39
38
37
36
29
35
34
46
45
52
53
2145
2146
2144
2143
48
47
51
50
49
2142
2147
2148
2141
2140
5
11
12
6
10
9
14
13
16
15
8
7
33
32
31
19
18
17
20
30
28
26
23
21
22
25
24
27
42
43
64
65
66
67
69
68
71
70
85
86
87
88
89
90
91
92
93
95
94
97
98
99
78
77
76
80
79
101
112
113
100
114
115
116
282
296
262
2031
2032
2033
2034
2035
2044
2045
2042
2046
2049
2047
2048
2050
2051
2052
2071
2072
2070
2073
2068
2069
2075
2074
1803
1804
1805
1806
1807
1808
1810
1809
1827
1828
1829
1830
1831
1832
1833
1834
1835
1836
2015
2014
2001
1989
1988
1986
1985
1969
1970
1858
1857
1960
1959
1958
1957
1961
1971
1968
1984
1983
1982
1994
1995
1996
229
230
231
232
221
220
217
218
219
147
146
234
233
235
236
237
238
239
1997
1998
2007
2006
2005
1999
2000
1993
1992
1991
1990
2004
2003
2002
2013
2012
2011
2010
2009
2008
2021
2020
2019
2018
2017
2016
2023
2024
2030
2029
2028
2027
2026
2025
2022
254
256
257
258
259
260
261
295
294
293
292
291
290
255
253
250
248
247
249
251
252
246
240
242
241
245
244
144
243
145
143
142
141
137
135
131
130
129
128
127
126
125
283
284
285
286
287
288
289
139
140
138
136
120
119
118
96
117
123
124
122
121
132
133
134
157
158
156
155
154
153
152
148
149
150
151
160
159
161
162
163
175
176
177
174
173
172
171
164
165
166
167
168
170
169
187
188
186
185
190
189
183
184
182
178
179
180
181
193
192
194
202
203
204
205
206
207
208
209
213
201
199
197
195
191
196
198
200
214
216
215
210
211
1934
1935
1929
1927
1928
1930
1931
1932
1933
1937
1939
1936
1938
212
222
223
224
225
226
227
228
1978
1980
1981
1973
1972
1974
1975
1976
1977
1979
1966
1967
1964
1963
1962
1955
1953
1952
1965
1941
1940
1942
1943
1951
1954
1956
1916
1917
1918
1949
1950
1948
1947
1944
1945
1946
1926
1925
1924
1923
1922
1921
1920
1919
1910
1913
1911
1912
1906
1914
1915
1909
1908
1903
1904
1907
1905
1902
1901
1898
1897
1894
1893
1862
1863
1864
1866
1868
1870
1872
1873
1871
1869
1867
1865
1861
1892
1895
1896
1899
1900
1860
1891
1888
1887
1886
1882
1880
1879
1876
1875
1874
1521
1520
1522
1518
1519
1516
1514
1517
1515
1512
1513
1511
1510
1534
1529
1527
1528
1533
1532
1525
1526
1549
1575
1574
1573
1572
1571
1568
1567
1566
1565
1564
1621
1620
1850
1559
1560
1851
1558
1557
1556
1555
1554
1561
1562
1563
1569
1570
1553
1552
1551
1550
1524
1523
1878
1877
1881
1883
1884
1885
1890
1889
1859
1852
1853
1856
1855
1854
1987
1848
1849
1630
1845
1846
1847
1844
1843
1842
1637
1636
1631
1632
1633
1626
1629
1628
1627
1625
1623
1611
1610
1642
1634
1635
1641
1640
1639
1638
1840
1841
1837
1838
1839
1643
1644
1645
1646
1609
1608
1607
1606
1605
1604
1602
1603
1615
1614
1613
1612
1624
1622
1619
1618
1617
1616
1601
1587
1586
1588
1584
1585
1583
1581
1590
1589
1599
1600
1598
1597
1596
1595
1594
1307
1306
1305
1304
1303
1234
1236
1235
1233
1232
1231
1241
1240
1239
1237
1238
1302
1301
1248
1247
1246
1245
1244
1243
1242
1230
1666
1667
1668
1669
1670
1665
1671
1672
1673
1674
1655
1664
1657
1656
1654
1653
1651
1652
1649
1648
1647
1650
1824
1825
1826
1816
1823
1822
1821
1820
1815
1814
1813
1812
1811
1819
1818
1817
1661
1660
1662
1659
1658
1663
1675
1676
1677
1225
1226
1227
1229
1228
1224
1211
1212
1213
1254
1253
1252
1251
1260
1257
1258
1259
1261
1278
1263
1264
1265
1268
1197
1198
1199
1200
1201
1216
1215
1262
1255
1256
1214
1209
1210
1208
1207
1217
1206
1205
1204
1202
1203
1703
1702
1704
1705
1706
1712
1713
1714
1715
1711
1707
1708
1710
1709
1716
1717
1193
1192
1191
1188
1187
1172
1173
1171
1174
1175
1176
1177
1178
1179
1186
1189
1190
1194
1195
1196
1269
1270
1271
1180
1181
1182
1183
1184
1185
1167
1168
1169
1170
1162
1163
1164
1165
1166
1273
1274
1275
1276
1272
1277
1267
1266
1279
1280
1250
1249
1287
1281
1282
1286
1285
1284
1283
1154
1155
1156
1157
1153
1152
1151
1150
1142
1141
1140
1297
1133
1134
1296
1139
1295
1294
1291
1293
1292
1298
1290
1289
1288
1300
1299
1308
1309
1310
1319
1320
1321
1322
1132
1131
1135
1138
1136
1144
1143
1149
1148
1158
1159
1160
1161
1147
1146
1145
1137
1130
1128
1127
1126
1037
1038
1124
1125
1121
1118
1129
1120
1119
1117
1122
1113
1114
1116
1115
1111
1112
1110
1104
1109
1108
1105
1106
1058
1059
1107
1057
1056
1055
1053
1052
1123
1039
1042
1036
1040
1041
1026
1043
1044
1045
1025
1024
1048
1047
1046
1049
1050
1051
1054
1060
1061
1065
1066
1068
1101
1103
1098
1097
1095
1092
1091
1089
1088
1087
427
429
1083
430
428
431
432
454
453
452
451
450
449
455
459
458
1078
1079
1081
1082
1084
1080
1076
1077
457
456
460
461
467
466
464
465
463
462
1085
1086
1090
1093
1094
1096
1099
1100
1102
1067
1069
1070
1074
1075
1073
1072
1071
1062
1063
1064
472
471
470
469
468
448
501
502
503
504
505
506
507
508
509
510
500
532
531
530
536
535
533
534
537
538
555
554
559
560
561
563
551
562
553
552
550
492
491
490
489
479
480
481
482
483
484
486
485
487
488
478
477
473
474
475
476
498
497
499
495
496
494
493
549
548
547
542
540
539
624
623
529
626
625
622
621
620
627
628
629
619
618
617
616
615
614
613
541
543
546
545
544
606
605
556
558
557
604
608
607
667
670
671
672
680
678
681
599
686
685
684
683
687
688
689
690
698
697
696
693
694
692
695
691
702
701
700
699
703
704
716
715
728
727
726
725
713
714
705
706
707
708
709
710
711
712
724
723
722
721
720
719
717
718
732
731
730
729
733
734
743
744
745
746
735
736
742
737
738
741
740
739
755
754
757
781
784
783
782
771
780
770
769
779
768
767
766
761
760
759
758
752
753
751
750
749
748
747
762
763
764
765
778
777
776
775
774
773
772
786
785
787
788
874
865
866
867
864
863
873
872
871
868
870
882
881
876
875
877
878
879
880
883
885
869
892
893
894
895
891
884
886
889
887
890
888
898
897
896
908
907
906
914
913
912
925
915
916
923
924
926
927
929
928
909
911
910
861
862
860
859
857
858
856
855
795
794
793
789
790
756
791
792
798
797
796
799
845
846
847
850
851
852
853
854
930
931
932
933
934
946
958
957
956
971
962
963
968
969
970
979
980
983
982
981
992
821
822
820
816
815
814
805
831
801
832
833
834
835
827
828
829
830
823
824
825
826
966
967
964
965
960
959
961
944
945
947
948
949
950
952
951
954
953
955
972
973
975
974
978
984
976
977
1027
1029
1031
1030
1028
1032
1033
1035
1034
1408
1409
1410
1411
1403
1404
1405
1406
1407
1415
1416
1417
1412
1413
1414
1418
1419
1420
1429
1428
1427
1394
1395
1396
1426
1425
1423
1422
1421
1424
1402
1401
1400
1399
1397
1392
1393
1430
1431
1432
1433
1434
1456
1435
1436
1437
1438
1439
1440
1389
1441
1391
1388
1390
1448
1449
1447
1446
1443
1442
1387
1386
1385
1373
1374
1375
1376
1372
1360
1361
1371
1370
1362
1363
1364
1369
1368
1367
1366
1365
1398
1357
1358
1359
1355
1354
1353
1352
1350
1351
1349
1311
1318
1317
1316
1315
1323
1324
1325
1326
1327
1328
1329
1330
1331
1332
1342
1344
1343
1356
1345
1346
1347
1348
1340
1341
1333
1334
1335
1339
1338
1336
1312
1337
1313
1314
1591
1592
1593
1580
1579
1578
1577
1576
1582
1548
1545
1547
1546
1544
1377
1378
1380
1379
1383
1384
1445
1444
1382
1381
1493
1494
1495
1536
1535
1537
1531
1530
1541
1543
1542
1540
1539
1538
1503
1499
1501
1504
1505
1507
1509
1508
1506
1496
1497
1498
1502
1500
1492
1491
1490
1489
1488
1487
1486
1485
1484
1481
1483
1482
1478
1479
1476
1474
1472
1471
1473
1475
1477
1480
1450
1451
1452
1453
1454
1455
1461
1467
1469
1470
1468
1466
1465
1463
900
901
899
1464
1462
1460
1459
904
902
903
905
917
920
919
918
1458
1457
921
922
936
937
935
938
939
940
941
942
943
849
848
838
836
837
839
840
841
842
843
844
800
802
804
803
807
806
813
812
808
809
811
810
819
818
817
993
991
990
989
988
987
986
985
1000
999
1002
1001
1021
1022
1023
1018
1019
1017
1016
1020
1015
1014
1012
1009
1010
1011
1006
1005
1004
1003
998
997
996
995
994
1007
1008
1013
567
566
569
568
570
565
564
571
589
588
587
586
585
584
583
582
581
580
579
578
592
591
590
576
577
572
573
574
575
595
594
602
603
669
668
601
679
600
596
593
597
598
682
677
676
675
673
674
663
664
665
666
660
661
662
659
612
611
610
609
658
657
656
653
654
655
652
651
650
649
648
644
643
645
646
647
636
637
638
642
639
640
641
635
633
634
632
630
631
528
527
526
525
524
523
522
521
512
513
511
520
519
514
515
516
517
518
445
446
447
444
443
442
441
438
439
440
437
436
435
434
433
426
425
424
423
418
420
421
422
419
417
415
416
395
1722
1721
1720
1719
1724
1723
397
396
413
414
411
409
410
412
399
398
1726
1725
1718
1729
1730
1731
1732
1733
1735
1734
1739
1740
1742
1741
1743
1744
1745
1746
1747
1748
1749
386
385
387
390
392
404
403
402
1738
1737
1736
1728
1727
401
400
407
408
405
406
393
394
391
389
388
383
381
382
384
376
1750
1751
1752
1753
1754
1755
1756
1700
1701
1218
1219
1220
1221
1222
1223
1692
1693
1694
1695
1696
1697
1698
1699
1789
1787
1790
1788
1689
1690
1691
1688
1686
1684
1685
1687
1678
1680
1683
1682
1681
1679
1798
1797
1799
1800
1801
1802
2076
1796
1795
1794
1793
1792
1791
2077
2078
2079
2088
2089
1786
1785
1784
1783
1782
2090
2091
2092
2093
2094
361
1781
1780
362
373
374
1765
1766
1767
1764
1768
1769
1770
1771
1778
1779
1772
1777
1776
1774
1775
1773
1757
1758
1759
1760
1761
1762
1763
375
380
379
377
378
372
371
369
370
368
367
365
366
363
364
359
358
357
360
356
2095
2085
2086
2087
2084
2083
2082
2080
2081
2065
2064
349
350
351
352
353
354
355
2096
2097
2098
2099
2100
2103
2104
2105
2107
2109
2111
2112
2126
2127
2128
2130
2131
2129
2125
319
320
321
322
323
324
325
317
313
312
314
315
318
326
327
316
334
333
328
329
330
2114
332
331
2113
2110
2108
2106
2102
335
336
348
347
2101
346
337
338
339
344
345
342
343
340
341
2063
2062
2066
2067
2053
2054
2055
2041
2040
2043
2036
2037
2038
2039
2056
2057
2058
2059
2060
2061
311
306
308
307
274
275
276
277
278
300
309
310
305
304
303
299
298
297
263
265
264
302
301
279
280
281
266
267
268
269
111
110
103
102
81
82
75
74
73
72
83
84
105
104
109
106
107
108
270
271
272
273
2115
2116
2117
2118
2119
2120
2121
2122
2123
2124
2133
2132
2134
2135
2137
2136
2138
2139
4
3
2
-1
EOF
