NAME : 225
COMMENT : Length 140454
TYPE : TOUR
DIMENSION : 225
TOUR_SECTION
1
126
127
128
129
130
26
27
28
29
151
152
153
154
155
51
52
53
54
176
177
178
179
180
76
77
78
79
201
202
203
204
205
101
102
103
104
105
106
107
210
209
208
108
109
110
111
112
113
215
214
213
212
211
95
96
97
98
99
100
200
199
198
197
196
221
222
223
224
225
125
124
123
122
121
120
216
217
218
219
220
119
118
117
116
115
114
89
90
91
92
93
94
195
194
193
192
191
70
71
72
73
74
75
175
174
173
172
171
47
48
49
50
150
149
148
147
146
25
24
23
22
21
20
143
142
141
19
18
17
16
15
14
39
40
41
42
43
44
145
144
45
46
166
167
168
169
170
69
68
67
66
65
64
186
187
188
189
190
88
87
86
85
84
83
207
206
80
81
82
185
184
183
182
181
55
56
57
160
159
158
157
156
30
31
32
135
134
133
33
34
35
36
58
59
60
61
62
63
165
164
163
162
161
37
38
140
139
138
137
136
13
12
11
10
9
8
132
131
7
6
5
4
3
2
-1
EOF
