NAME : 400
COMMENT : Length 18190
TYPE : TOUR
DIMENSION : 400
TOUR_SECTION
1
275
56
273
339
157
307
300
397
320
396
101
350
113
130
251
276
311
158
344
327
293
110
148
60
345
100
209
122
2
139
299
354
360
385
92
203
358
367
147
290
371
166
368
274
20
227
215
66
257
22
108
96
179
57
103
265
382
73
212
5
281
280
255
330
93
135
266
353
52
141
14
377
260
226
228
80
337
106
326
82
37
378
269
250
388
223
28
176
221
262
242
31
125
10
189
146
373
393
16
361
207
3
116
390
314
195
387
272
332
132
11
363
245
224
59
32
362
254
329
62
142
23
68
253
48
124
191
35
206
123
47
341
76
69
118
316
7
72
64
160
6
323
279
154
271
184
36
119
379
346
230
213
342
49
58
136
151
107
196
391
42
167
328
26
164
317
173
13
19
384
298
288
98
240
24
306
89
54
400
289
348
312
87
278
185
252
88
244
263
284
77
199
395
234
357
211
236
155
309
238
51
102
383
232
165
90
79
349
313
162
225
261
315
114
366
65
84
381
343
41
71
127
153
340
243
187
356
331
389
174
200
25
163
29
369
197
398
95
53
190
159
308
85
359
156
392
287
259
210
204
192
180
319
229
175
145
181
44
128
8
335
149
91
83
394
50
296
152
305
18
233
182
188
267
172
134
364
277
322
351
374
292
325
302
86
372
183
283
131
376
126
218
27
12
43
321
63
297
75
220
291
231
170
318
248
355
105
194
33
171
294
150
46
198
78
208
144
177
138
324
61
235
94
241
81
70
333
97
219
74
140
217
365
399
338
193
55
168
380
303
334
310
370
143
104
99
270
386
111
112
264
40
109
246
352
133
249
239
38
375
121
237
161
45
256
34
258
178
347
286
214
285
202
282
67
205
268
17
186
117
216
336
129
301
21
15
30
137
9
201
304
115
222
247
120
295
39
169
4
-1
EOF
