NAME : 574
COMMENT : Length 45229
TYPE : TOUR
DIMENSION : 574
TOUR_SECTION
1
574
568
567
566
565
564
563
562
561
560
559
554
552
553
12
13
546
548
547
550
551
549
543
542
541
540
539
538
537
544
545
14
536
532
533
534
511
509
508
510
512
520
513
514
477
478
479
507
506
481
480
515
516
517
518
519
521
522
244
243
205
206
207
196
189
187
188
284
282
283
306
305
298
299
300
311
301
302
303
304
307
308
309
312
313
310
319
318
320
324
326
325
327
328
329
271
272
323
321
322
317
316
315
314
281
279
277
276
274
275
273
266
388
389
265
264
390
387
386
384
385
383
382
377
376
366
375
378
381
268
267
270
269
334
333
332
330
331
335
336
337
338
379
380
373
374
372
339
340
341
342
343
344
371
370
345
346
348
347
369
368
367
349
351
350
352
353
354
355
356
359
360
361
362
363
364
365
407
408
411
410
409
406
394
393
392
391
261
257
256
255
258
259
260
262
263
278
280
190
191
192
193
194
195
197
199
249
248
201
200
204
203
245
246
202
247
250
198
251
252
254
253
464
465
466
467
470
475
476
474
473
471
469
468
472
482
483
484
485
454
452
451
455
456
450
449
400
399
398
460
458
457
459
463
462
461
397
396
395
403
404
405
416
415
414
413
412
358
357
426
428
427
425
423
424
429
439
438
437
440
436
435
441
434
433
431
430
432
446
445
422
421
420
419
418
417
402
401
448
447
444
443
442
453
490
492
491
489
488
487
486
493
494
495
496
497
498
499
501
503
502
500
505
504
535
527
526
523
524
525
528
531
530
529
15
16
17
20
18
19
21
222
221
220
223
224
225
226
227
241
242
240
239
238
235
237
236
228
231
230
229
217
218
219
22
23
24
25
26
27
31
32
33
34
35
30
28
29
88
86
84
112
78
77
75
76
60
59
61
62
64
63
65
66
67
68
69
126
131
127
128
129
130
133
132
124
125
70
71
72
73
74
115
116
117
118
114
113
120
119
123
98
97
139
140
138
137
135
134
136
141
143
142
145
96
101
100
99
122
121
111
108
107
105
102
103
104
106
95
161
162
163
160
164
156
157
158
159
147
146
144
151
148
149
150
152
169
171
170
168
153
154
155
167
166
213
214
211
210
179
178
175
176
177
174
173
172
288
293
292
289
290
291
297
296
295
294
287
286
285
180
181
182
183
184
209
185
186
208
234
232
233
212
215
216
165
92
91
93
94
90
89
109
110
85
87
36
37
39
40
41
42
43
38
11
555
556
557
558
10
9
8
7
6
5
4
3
2
48
47
46
45
44
56
80
81
82
83
79
58
57
55
54
53
52
51
50
49
571
572
573
570
569
-1
EOF
