NAME : 575
COMMENT : Length 7950
TYPE : TOUR
DIMENSION : 575
TOUR_SECTION
1
2
3
4
6
5
27
26
25
48
49
50
28
29
52
53
31
32
8
30
7
9
10
11
34
35
33
57
80
56
55
54
75
76
77
78
79
102
103
125
126
105
129
106
104
81
82
83
84
85
86
63
62
39
38
61
60
58
59
37
36
13
12
14
15
17
16
40
43
44
45
21
20
19
42
41
18
22
23
46
69
92
68
67
66
65
64
87
110
88
89
90
91
115
138
161
137
136
114
113
112
111
135
158
159
160
184
183
182
181
204
205
206
207
229
228
230
253
252
251
250
274
275
276
299
297
273
271
272
248
247
246
245
244
267
268
269
270
293
292
290
289
288
311
310
309
308
331
332
333
356
357
355
354
378
379
380
381
359
358
334
335
336
337
313
312
291
314
315
316
294
295
296
321
298
322
344
345
368
367
366
365
364
341
342
320
319
343
318
317
339
338
340
362
361
360
383
385
386
363
390
391
413
389
388
411
412
437
414
436
435
433
434
432
410
387
409
408
431
430
429
428
427
426
406
407
384
382
405
404
403
401
402
425
424
448
471
447
446
469
470
494
495
493
492
514
515
538
517
516
518
519
520
521
522
523
524
525
526
527
528
529
506
505
481
482
483
460
459
458
457
456
479
480
478
477
476
454
455
453
452
475
474
473
451
450
449
472
497
496
498
499
500
501
502
503
504
550
549
551
552
575
574
573
571
570
572
548
547
569
568
545
546
544
543
567
566
564
565
542
541
540
563
562
539
561
559
560
536
537
513
535
557
558
556
555
553
554
531
532
533
534
510
509
508
530
507
487
511
512
489
488
464
465
463
462
486
485
484
461
438
439
440
441
442
443
467
466
490
491
468
445
444
423
422
421
420
419
418
416
417
415
392
394
393
369
370
371
351
374
373
372
395
396
397
398
399
400
377
375
376
352
353
329
330
307
305
328
326
327
350
349
348
347
346
323
324
325
300
278
302
301
303
304
281
306
284
285
287
286
263
264
262
261
283
282
280
279
277
255
254
231
232
233
210
211
213
235
234
256
257
258
259
260
237
236
214
215
238
240
239
217
193
216
191
192
168
167
166
165
164
187
188
189
190
212
186
209
208
185
163
162
139
140
142
143
145
169
170
149
150
173
172
171
194
195
196
219
218
241
265
266
242
243
220
223
225
249
227
226
224
222
221
197
198
199
200
177
176
175
174
152
153
154
155
156
178
201
202
203
179
180
157
133
134
109
107
108
131
132
130
128
151
127
148
147
146
122
123
124
101
100
99
98
97
96
119
120
121
144
118
141
116
117
95
94
93
70
71
74
51
73
72
47
24
-1
EOF
