NAME : 5915
COMMENT : Length 743577
TYPE : TOUR
DIMENSION : 5915
TOUR_SECTION
1
764
4434
4436
1206
4743
1212
4744
4742
4591
5436
5458
5435
1199
5434
1236
5489
5567
2371
5571
5828
5526
3707
5521
1242
5298
3680
2633
2759
3658
3635
2648
4623
14
4622
4621
4620
760
5296
749
4619
2282
5234
5310
5123
4148
5111
1421
4081
4158
4233
1377
1282
4738
4911
1472
1324
214
4618
1171
4617
1182
4616
111
4615
66
4614
167
4613
1188
4612
146
4611
40
4610
1088
4609
1041
5411
3429
5282
4180
3838
3404
3714
1358
1352
3295
3294
4138
4137
4136
3293
3292
3430
1368
1369
164
1370
4423
4422
139
4421
160
4420
1165
4419
1042
4418
27
4417
1006
4416
4041
4040
5412
3216
4253
3623
1250
4274
4082
4095
2532
1583
3349
4412
1172
4413
1189
4414
1197
4415
884
4275
5214
1173
5215
885
5216
1217
5217
1007
5218
28
5219
1043
5220
1166
5221
161
5222
5224
5223
1183
3839
3840
3841
5226
5225
5227
68
3842
265
3843
1135
3844
5229
5228
5230
215
3845
1136
2635
2286
2760
3659
3636
2649
1330
5529
3846
3228
1492
282
1493
118
1494
283
1495
1244
5485
5515
5300
3682
1243
2326
5463
4109
3730
4006
4008
4007
3732
3731
2687
2688
3734
3733
4010
4009
289
1501
288
1500
287
1499
286
1498
285
1497
284
1496
4005
2
3754
3755
3752
2685
4745
5457
5314
4236
2938
4746
1578
336
2686
3753
5438
4593
4589
4588
4587
119
4586
4585
3848
5531
4584
3230
5313
1491
5118
1423
5107
4076
4160
3300
1474
4913
4740
1284
70
1567
267
1568
330
1569
217
1570
331
1571
1572
332
1573
3
1574
333
1575
334
1576
335
1577
5437
4592
3729
4110
5464
2327
1245
1233
5568
2372
5572
5829
5527
3708
4004
5486
5516
5301
3683
2636
2287
2761
3660
3637
2650
1331
5530
3847
3229
5312
1490
5117
1422
5106
4075
4159
3299
1473
4912
4739
1283
216
3227
1048
3226
266
3225
69
3224
1047
3223
1046
3222
140
3221
1045
3220
162
3219
1044
4255
3625
1252
3077
4841
2642
5405
4277
4084
4097
2534
1585
3351
4123
4074
4066
4065
537
2597
2598
4174
4175
1804
3762
2526
3368
3285
4124
3352
1586
2599
832
863
2600
348
2601
864
2602
2535
4098
4085
4278
4842
2643
5406
865
2603
866
2604
867
2605
30
3078
1253
3626
4256
2609
4235
1565
329
1566
4234
3405
3715
1351
2656
869
2608
2610
4182
1540
2002
4135
3432
1367
5414
4043
2606
868
2607
163
5413
4042
1366
3431
4134
2001
1539
4181
5277
5276
29
5275
3217
3218
4254
3624
1251
3076
4840
2641
5404
4276
1008
5274
1218
5273
886
5272
1174
5271
4083
4096
2533
1584
3350
347
5270
831
5269
536
5268
4122
4073
3284
3367
2525
3761
1803
4173
1780
3373
2596
2770
4407
3652
516
5267
1208
5266
1104
5265
4595
3489
3743
4058
3183
3700
1169
5264
5263
3178
1028
4061
4062
4063
4064
517
4168
4167
4166
4165
2590
862
2589
861
2588
860
2587
859
2586
4164
1781
3374
2771
4408
3653
4596
3490
3744
4059
4060
3701
4968
4966
4964
1829
4965
4967
4163
4162
557
2585
858
2584
4161
5599
5338
3268
5260
3424
5625
5727
3725
5176
4216
5083
5767
4243
4947
3813
4721
2672
4405
4657
2712
4535
3591
4583
857
2583
856
2582
855
2581
854
2580
853
2579
852
2578
851
2577
850
2591
2944
4783
2576
3669
3628
5565
1439
3138
4116
5193
3675
3095
3032
2876
2690
4269
2705
2806
2937
1716
3647
1489
3157
3056
4835
4494
3044
3158
5016
3062
5399
5368
3127
3004
3985
3003
3574
4003
3991
2575
3833
3855
2800
3000
3001
3002
4491
4490
4489
4488
1707
446
1706
445
2209
2210
2215
766
2334
767
2335
720
4703
4702
719
3796
849
3795
3797
1134
3798
3575
3576
3799
3800
3577
3801
3802
1027
3803
280
3804
981
3805
907
3806
3674
3807
3808
5194
5195
3809
3810
5196
4718
4717
2350
5253
5252
5251
5250
5249
5248
5247
5246
281
2343
2344
771
2345
772
2346
773
2347
774
2348
2349
241
4716
4715
4714
4713
4712
4711
4710
4709
4708
4707
4706
4705
4704
2336
768
2337
769
2338
770
2339
2340
2341
2342
5245
5244
5243
5242
5241
3984
3573
4002
3990
448
1708
447
1709
449
1710
450
1711
451
1712
3160
3159
4493
4492
4495
1714
453
1713
452
3161
3162
3163
3164
1715
1717
3165
3166
3167
3168
3169
3170
3171
3172
3173
3174
3175
3176
3177
556
5262
5261
5259
5258
778
2355
777
2354
776
2353
775
2352
5257
5256
5255
5254
2351
4719
5197
3811
3812
4946
4242
5766
1443
244
1442
243
1441
242
1440
4115
4650
4649
279
2025
663
2024
1488
3156
2023
662
2022
2021
661
2020
660
2019
659
2018
658
3063
3064
3065
4648
4647
4646
4645
4644
4643
4642
4641
4640
655
2015
656
2016
657
2017
2945
2419
2420
2421
793
2422
794
2423
2424
795
2425
5707
5706
5705
3581
5015
5373
5398
3126
5240
3983
3996
4001
5704
5703
5702
5701
2214
2949
2574
3832
3854
2999
996
4923
718
4000
4924
1163
4925
1160
4926
1018
4927
1220
4928
1115
4929
1002
4930
1003
4931
277
4932
1127
4933
980
4934
945
4935
906
4936
3030
2691
4937
3096
1021
4938
2942
4939
4940
2943
4782
3668
3627
5564
3137
4114
2668
3673
3094
3031
5718
5717
5716
5715
5714
5713
5712
5711
5710
2704
4268
2689
2804
2935
3646
1487
3070
3055
3049
4834
3155
5709
5708
2426
2427
278
2428
796
2429
797
2430
798
2431
799
2432
2936
2805
2877
2433
2434
2435
2436
2881
2030
2029
2880
2879
2878
2028
666
2027
665
2026
664
4651
4652
4653
4654
4655
4656
4404
2031
2882
2437
2438
254
2439
800
2440
801
2885
2884
2883
2886
2441
802
803
2442
5724
5723
5722
5721
5720
5719
2711
4534
3590
4582
2036
4403
1448
3721
5173
4213
5080
5764
4240
4944
253
4942
671
4941
1116
2710
4960
4943
4948
4949
602
1913
252
1912
601
1911
600
1910
599
4581
1447
4402
2035
2709
4533
3589
4781
5616
5615
5614
5613
5612
3029
4577
2694
4266
4267
2703
4578
4579
595
1906
596
1907
597
1908
598
1909
4580
3667
3666
3633
3629
5563
2941
3136
3099
4113
2667
3672
4265
5611
5610
5609
5608
3069
2934
2803
2702
3644
1486
3061
3048
4833
3154
2171
3125
3124
3859
3858
3857
3856
582
1892
583
1893
584
1894
585
1895
586
1896
587
1897
588
1898
589
1899
590
1900
591
1901
276
1902
592
1903
593
1904
594
1905
3645
3057
709
2167
708
2166
707
2165
2164
2163
2162
2161
2160
706
3831
848
2573
847
717
5603
5604
5605
5577
5578
5606
5607
5579
712
1001
5066
5065
5064
5063
1140
5062
5061
5060
5059
5058
1017
4768
4767
716
4766
4765
3023
3117
1014
3116
997
3115
2995
4516
4515
4514
4381
374
1611
375
1612
376
1613
4382
4383
4384
377
1614
378
1615
379
1616
4385
4386
4387
4388
380
1617
381
1618
382
1619
383
1620
4391
978
4524
1485
3643
2933
3060
3068
3047
4832
3153
5014
5372
5397
5576
3580
2170
4523
4390
4389
4522
4521
4520
4519
4518
4517
3122
3863
5239
3982
3995
1015
3118
715
3123
4769
1213
4770
1214
4771
4772
4773
4774
4775
4776
4777
4778
4576
3028
2802
2701
4264
2693
3671
2666
4112
3098
3135
3632
5562
2940
3665
3588
4532
2708
2034
4401
1446
5095
1919
5762
4238
4537
4400
4399
4398
1129
4531
4536
3687
3686
4530
4529
4528
4527
4526
4525
914
4392
4393
4394
909
892
4395
4396
982
1125
4397
3592
3595
669
3596
249
3597
2406
2405
790
2404
5755
2315
756
2314
755
2313
754
5753
5754
2403
2402
2401
2400
5751
5752
2312
753
2311
752
2513
2514
2515
2516
2517
759
4539
1445
2408
3412
2033
2707
3594
2519
2317
694
2105
693
2104
692
2103
691
2102
690
2101
689
2100
688
2099
2512
2511
2510
2308
750
2309
751
2310
5750
2399
2398
5749
5748
2397
274
2396
2395
2394
5746
5745
5744
5743
2393
2392
2391
2390
2389
2388
2387
5740
5739
5738
2298
2299
2300
2301
5741
5742
2302
2303
2304
2305
2306
2307
5747
2509
2508
2507
2506
2505
2504
2503
2502
2501
2500
4823
4824
4825
4826
2091
2090
2089
2088
5006
5007
5008
5009
5010
5011
5012
2094
2093
2092
4827
4828
4829
4830
4831
2098
687
2097
2096
2095
5013
5555
5371
5396
5575
3862
5238
3981
2480
822
2479
821
2478
820
2477
819
2476
3994
3121
3999
2213
2948
5602
3026
2998
2475
818
2474
817
2473
816
620
2472
1944
5285
5127
3053
2697
5697
3728
5053
3826
2219
1660
2875
1676
3564
5730
1767
4916
4152
3881
2663
2463
811
2464
494
2465
812
2466
430
2467
423
2468
813
2469
814
2470
815
2471
1132
5892
1231
5893
911
5894
619
5895
1942
5283
5125
3051
2695
5695
3726
5051
3824
2217
5891
493
5888
1232
5889
429
5890
422
1658
2873
1674
3562
5728
1765
4914
4150
3879
2661
5886
890
5887
1019
5304
3131
3902
5884
1744
480
1743
479
1742
478
1741
477
1740
476
1739
471
1735
475
1738
474
1737
473
1736
472
1734
16
1733
470
1732
153
1731
469
1730
468
1729
467
1728
178
1727
395
2951
1637
2930
1638
2952
3745
1385
2529
4225
2972
3509
1363
3821
2072
2657
4747
1285
1246
1757
2669
2449
2270
2268
4629
2261
2259
2807
2968
3920
4031
4501
2840
4370
2255
2173
2147
2455
5861
1746
3553
4694
3043
4994
482
3041
999
4813
4812
2490
2489
4695
3554
3130
2289
2290
2291
5731
2380
496
2379
685
2378
2377
5303
4372
4505
4506
4373
4374
4507
2989
3108
3016
4758
4759
4760
3018
3017
3109
3110
362
2991
2990
4508
4509
4376
4375
1607
371
1608
372
1609
373
1610
4380
4379
4378
4377
4510
4511
4512
4513
2994
2993
2992
3111
3112
3113
3114
3022
3021
3020
3019
4761
4762
4763
4764
5057
5056
5055
5054
1657
416
1656
415
1655
414
1654
4757
4756
3015
3014
3013
4755
413
1653
2563
2564
2565
2566
5855
5866
2154
2153
5865
5854
5853
5864
5852
5863
2151
2152
4899
4900
4901
4902
4903
4904
2155
3827
3828
5858
5857
5856
2567
2568
363
2569
2570
2571
2572
3829
3830
621
2159
2158
2157
2156
4905
1888
364
579
1889
580
1890
581
1891
1941
1940
1939
1938
1887
417
1886
1885
1764
1763
1884
1883
1762
492
1882
1881
4898
2457
2149
2175
2374
4690
4033
3101
2841
3922
4897
951
2839
2838
4896
4895
2837
2836
4894
4893
4892
4891
4890
838
2832
2833
950
2834
2835
5823
2831
174
4889
2929
2264
2265
2266
740
2267
2269
2262
4573
2808
2257
4630
3033
5847
5846
5845
4367
159
4365
4366
5844
5843
5842
5841
5840
4364
4363
4362
4361
4360
5839
5838
2549
2550
2551
2552
2553
2554
2555
2556
21
2557
2558
2559
5848
5849
2560
2561
5850
5851
2562
412
4754
1652
411
1651
410
4753
3011
3104
3012
3105
3106
3107
2988
2987
2986
4504
4371
4502
4032
4503
2985
2984
994
2983
989
2967
3921
2969
2966
946
2982
2981
2980
2979
2978
2977
682
2976
4568
2073
2658
4748
3822
1364
3510
2973
4226
2530
1386
3746
2931
2955
1639
402
1640
1641
403
1642
404
1643
405
1644
1645
406
1646
1647
407
1648
4749
4750
4751
408
1649
409
1650
4752
3010
3009
3008
3007
4569
4570
4571
4572
2965
2964
2963
2962
2961
2960
986
2959
985
2958
836
2957
183
2975
158
4567
993
4566
1187
4565
837
4564
184
4563
401
2954
2956
400
2953
399
4676
182
4677
835
4678
1186
4679
992
4680
157
4681
681
4682
20
4683
808
4684
746
4685
743
4686
4687
988
4688
953
4689
1196
2373
483
2254
738
2253
737
2252
736
2251
735
2249
733
2248
732
734
2250
4809
4808
3038
987
3037
739
3036
4807
742
4806
745
4805
807
4804
18
4803
2247
19
2246
680
2245
156
2244
731
2243
730
2242
729
2241
181
2240
398
679
4802
155
4801
991
4800
1185
4799
834
4798
180
4797
397
4796
228
4795
640
4794
2238
229
2239
4675
230
4674
642
4673
624
4672
503
4671
1113
4670
844
4669
938
4668
1010
4667
1110
3088
3557
4439
2775
3770
2544
3568
5833
1774
1947
2615
2276
1970
1432
1684
3585
4466
3143
4562
231
4561
4560
643
3144
4467
3586
1685
1433
2548
2547
2546
2545
5835
505
5834
626
5836
644
5837
232
4359
4888
2830
233
5822
5821
5820
5819
5818
5817
5816
5815
5814
1468
5813
5812
5811
1467
4877
4878
4879
5646
5645
5644
4350
4349
4348
5473
2816
2817
2818
2819
4351
4352
207
2820
2821
940
4353
4354
5648
5647
4880
4881
208
4882
941
4883
2826
949
2827
506
2828
627
2829
645
4887
4886
4885
4884
948
4358
4357
4356
1012
4355
947
2822
3771
846
3089
3090
845
939
5790
5791
5792
5793
5794
5796
5795
4559
4558
625
504
1114
4557
4556
4555
4553
4554
1011
1111
326
293
4552
4550
4551
1108
202
5785
5786
5787
5788
5789
1414
206
1413
205
1412
204
1411
1409
203
1410
2815
4790
5101
2847
1466
3233
5784
4549
4281
3236
1465
2846
5100
4789
2814
1408
3514
1504
4317
1555
1561
4666
325
4665
292
4664
1107
4663
201
4662
2226
200
2227
723
2229
291
2228
324
2230
724
2231
725
3087
2774
2232
726
2233
727
3769
2543
843
4972
937
4971
1009
3556
4438
1560
1554
4316
1503
3513
1407
2813
4788
5099
2845
1464
3235
4280
1273
3498
5290
5377
53
2225
722
2220
4661
54
1274
3499
5291
5378
4548
55
5783
135
5782
5781
5780
5779
1200
1205
4544
4545
4546
459
186
4547
4875
2221
5018
1349
1662
5392
5419
3495
1542
4262
3519
1388
1678
3872
3964
3482
2715
3207
1877
1720
458
4659
185
4660
134
4499
5490
4658
1719
1876
3206
2714
3481
3963
3871
1677
1387
3518
4261
1541
3494
5418
5391
1661
1348
5017
4874
5112
5465
4339
4541
3849
5626
3451
5769
5770
123
5771
1177
5772
1190
5773
1225
5774
1226
5775
1137
5776
5777
5778
4543
1204
4542
1203
1335
4105
5380
5801
4285
5678
4340
5422
5440
3850
5113
5466
1201
5468
1227
5467
5469
460
5470
187
5471
4260
136
5472
56
4347
5643
57
4876
5810
5809
189
5808
462
5807
1202
5806
1228
5805
5804
5803
5802
3460
3459
1314
99
1315
100
1316
101
5491
4500
1721
1878
3208
2716
3483
3965
3873
1679
1389
3520
4257
3491
5417
5420
5393
1663
1350
5019
2222
137
5642
4346
188
5641
5640
461
4345
4344
1195
4343
1194
4342
5639
5638
5637
5634
5635
5636
1138
1193
4341
5633
5632
5631
3458
3457
3456
98
1313
97
1312
96
1311
95
1310
3455
3454
94
1309
93
1308
92
1307
91
1306
90
1305
89
1304
88
1303
87
1302
3877
3950
3865
4197
4017
5386
235
260
78
3502
2076
5476
3737
3736
3953
3952
5542
5543
1039
4845
1219
4846
4847
4848
384
172
5544
5545
5546
5547
120
1133
4849
4850
4851
4852
41
5548
5549
358
7
4854
4853
3927
3925
5477
1558
1601
1599
1598
357
1597
1596
173
1595
1594
1593
356
1592
1379
170
1380
171
3302
1381
121
5505
5506
3303
3304
3305
42
5507
8
5508
5509
361
3306
1067
3307
3308
3309
256
3310
1068
3311
237
3958
1437
3884
3957
1455
5513
1452
80
5510
3928
3929
3930
3931
3932
3933
3934
4861
4860
4859
298
3887
1151
3888
1152
3889
1153
3890
3891
1141
4862
3935
3911
3910
3906
3909
5455
1513
1514
3312
1069
3313
299
3314
1070
3315
1071
3316
1072
4018
5387
3970
5384
3969
3944
3907
1515
5456
5452
5871
300
5872
1157
257
1155
5869
5870
238
5451
5450
1450
1293
1605
2077
3503
1290
75
5868
3433
3942
3924
1263
3301
1378
4843
1591
5541
3210
3954
3662
3072
1623
1518
5504
1333
3738
3239
9
3238
43
3237
3100
1013
4844
4183
355
4184
169
4185
385
4186
122
4187
44
4188
10
4189
77
4190
259
4191
1156
4192
240
239
3242
1049
3241
258
3240
76
3943
3434
5867
1556
1238
5478
3926
1606
2078
3504
1289
1451
5449
3959
3885
1438
3971
3945
3908
1516
5383
4198
3866
3878
3986
3247
1052
3246
1051
3245
1050
3244
301
3243
4193
302
4194
1158
4199
4195
1143
4200
1149
4201
1146
4202
1159
4203
935
3972
1053
3248
1056
3252
934
2762
3189
3253
353
3254
651
3255
1025
3256
567
3257
635
3258
1057
3259
197
3260
1058
3261
1059
3262
3263
5424
306
4287
4288
4289
4290
3264
5425
5426
5427
105
1037
3199
3200
3201
3202
3203
455
5661
1038
5662
3204
5684
5683
5682
104
1873
5660
5659
5658
1872
574
1871
573
5681
1980
1981
1982
1983
648
1984
5685
133
5664
431
5663
2118
3493
4259
1681
3875
3960
456
5428
917
5429
5416
5389
1347
5448
1393
2177
2178
2179
2180
2181
2182
2183
328
1550
322
1549
321
1548
320
1547
5668
5669
3526
3527
3528
5670
5671
5672
5673
3529
3530
327
5693
262
5692
5691
5690
5689
59
3525
3524
5688
5687
5686
3522
3523
5665
5666
5667
1546
319
1545
318
1544
2224
5375
5288
3496
1954
4283
3232
5475
1276
4784
5104
3516
1506
1507
294
4303
4304
1508
1509
3093
5676
3572
1769
2272
2612
1949
2857
1429
5799
3140
3815
3582
4470
4469
1688
433
1687
2189
223
432
4445
3535
630
3534
499
3533
3532
5675
428
4442
500
4443
4444
631
2188
2187
2186
2185
2184
4441
211
5674
3531
1994
2825
1673
2777
3774
638
1964
427
1963
210
1962
637
1961
1960
3560
5650
1417
1993
1992
1991
1990
1989
1988
1987
1986
1985
1955
5498
1105
5497
721
5496
5287
2223
5374
5289
5292
5102
2126
2849
2850
2851
5026
5025
5024
5022
5023
2848
2125
2124
2123
700
2122
699
2121
698
2120
5376
5021
5020
1664
58
1665
1666
1667
1668
425
1669
1670
1671
426
2823
3772
3091
3569
1775
3570
1770
2616
2277
1971
5797
3747
1383
5824
3816
5033
702
2134
2135
2136
175
4327
4326
4325
4324
4323
4322
4321
2131
701
2130
2853
2854
2855
628
2132
497
2133
234
5032
646
5031
5030
5029
5028
5027
209
2852
2129
2128
2127
4318
4319
4320
1469
1505
3515
1275
5474
3231
4282
3500
3497
4786
5103
5501
5500
5499
1956
1957
1958
1959
1563
5502
1562
1551
4440
3558
5649
1416
3559
2776
1672
2824
3773
3092
3571
1768
1948
2611
2856
2278
5798
3139
3814
1434
1686
3587
4468
2950
2928
5825
1384
3780
3779
3778
3777
1967
2273
1972
1965
1966
629
498
3776
3775
2858
2859
954
2860
2861
176
148
2863
955
2862
3781
3782
3783
3784
2865
2864
888
490
894
72
24
2868
2867
2866
3785
3786
3787
3788
2869
3546
4457
2201
1698
4480
4481
1699
440
2202
2203
1700
441
4482
1701
4483
442
4459
4458
3548
1761
3129
2410
3551
2460
4338
2376
4692
2172
1880
2843
3103
3547
956
3789
2870
577
2871
3790
4634
4633
4030
2970
3919
4574
2271
2258
2260
3035
2454
1249
1755
2006
1288
2671
1756
4369
1759
3006
2660
2070
3751
3511
2263
2974
2971
4223
4224
1359
4227
2527
2528
4328
4329
4330
4331
4332
4333
4334
2143
1287
2142
704
2141
703
2140
2139
2138
2137
147
3750
3749
3748
5034
5035
5036
3819
3818
3817
1360
150
1361
151
1362
152
1365
1758
4368
2670
2450
4631
3034
2451
2452
2453
23
1248
22
1247
1286
3005
2659
2074
3823
3820
5037
2071
683
5038
71
5039
5040
5041
2144
4335
2007
653
2008
2009
2409
3550
2459
2146
4337
576
4336
2145
2809
2810
2811
5044
484
5043
705
5042
4632
3102
4034
2842
1879
4691
2375
2150
2176
1748
3549
2458
3128
1760
5302
3905
2664
3882
4153
4917
4918
4919
4920
4921
4922
5286
5128
3054
2698
5050
5698
5859
5049
365
5048
418
5047
1180
5046
1150
5045
3883
2411
2412
2413
2414
366
2415
2416
5699
5700
2418
2417
3050
2012
654
2013
2014
4639
4638
4637
4636
2216
367
2011
419
2010
4635
485
3791
420
3792
368
3793
984
3794
2699
4699
4700
4701
4698
2330
2331
2332
765
2333
4463
4462
4461
2329
4697
2872
4696
2328
4460
2204
2205
1702
4484
4486
4485
1704
443
1703
369
2206
2207
2208
1705
444
4487
912
2799
944
2798
943
2797
370
2796
421
2795
486
2794
578
2793
942
2792
26
2791
74
2790
895
2789
491
2788
889
2787
2786
2785
4313
4314
4474
4473
4472
149
1690
434
1691
435
1692
436
1693
437
1694
4476
4475
4479
4478
4477
438
1695
439
1696
1697
73
25
2200
2199
2198
2197
2196
2195
2194
2193
4449
4450
4451
4452
4453
4454
4455
4456
3545
3544
3543
3542
3541
3540
3539
3538
3537
3536
4448
4447
4446
2190
2191
2192
1689
177
4471
4312
4311
4310
4309
2784
2783
2782
2781
2780
224
4308
1510
295
212
4305
296
4306
4307
632
2779
2778
1418
5651
3561
1995
5503
1564
5694
1552
1470
3517
5105
4302
263
1109
4301
1192
4300
1191
4299
60
4785
1300
1297
84
1298
85
1299
4298
4297
4296
4295
83
1296
82
1295
81
2713
3479
5430
3961
1294
4294
4293
918
4292
457
3205
3480
1718
4497
1875
4291
106
5116
1319
3265
3463
3853
5144
1525
3335
4212
1106
4211
198
4210
1164
4209
636
4208
568
4207
1026
4206
652
4205
354
4204
352
3190
650
3191
1024
3192
566
3193
634
3194
1035
3195
196
3196
1036
3197
3198
5657
5656
5655
5654
195
1867
571
1976
1975
564
1860
5880
5883
1864
1859
563
4027
633
4026
569
4025
350
3326
349
1750
487
1751
488
1752
489
3328
3327
3331
3330
3329
1396
192
1397
193
1398
3332
3333
5423
5679
4286
5382
5140
5139
5138
3471
3470
3469
5135
5136
5137
677
2069
2068
124
2067
2066
2065
2064
2063
2062
2061
2060
4871
1588
5131
5132
191
5133
5134
3468
3467
3466
3465
5130
1863
5882
2004
1590
1154
3899
2764
4012
4873
3901
1858
1951
1754
1395
1974
1520
3506
5653
1336
4106
5381
1096
3472
1097
3473
1098
3474
3475
102
3476
1099
1095
5141
5142
1317
4498
463
3484
1390
3478
1100
3477
2717
3521
4258
3492
1543
5415
5388
138
5390
1345
1391
1680
3874
3966
4496
5492
5114
3851
3461
5441
5442
5443
103
5444
5445
5446
3962
2119
190
131
5447
1392
1346
132
5495
1874
454
5143
3852
3462
305
1523
1524
1318
5115
5493
575
5494
1344
130
1343
129
1342
1341
128
1340
127
1339
126
1338
1337
125
303
4029
647
4028
1521
1522
304
3508
194
3507
1977
1978
1979
5680
1870
1869
572
1868
1953
1861
4015
3150
1865
565
1866
1952
570
3149
649
3148
351
4013
4014
2005
1587
1749
3188
2765
3251
3989
3867
3975
3978
3147
1145
5876
1162
5877
1055
5878
1023
5879
4024
1022
4023
1054
4022
1161
4021
1144
4020
1148
5875
5873
1142
5874
4019
3317
1073
3318
3334
3321
3322
3323
3324
3325
3187
3186
3916
3915
3914
3913
3912
3936
3937
1074
1147
4863
4864
4865
3892
3893
3894
672
3938
2055
673
2056
674
2057
675
2058
676
2059
4870
4869
4868
4867
4866
3895
3896
3897
3898
3146
3977
3185
3918
3974
3250
3868
3870
3988
2054
3940
3320
3948
3947
3946
3886
4858
236
4857
4856
261
79
4855
360
5550
5552
1292
5512
1454
3956
1436
5454
1512
3968
5483
5482
5481
5480
5479
359
1603
1604
3435
1089
3436
3437
3438
3439
297
3440
1090
3441
1091
3442
1092
3443
1093
3444
1094
3445
86
3446
3447
3448
3449
3450
3452
3453
5628
5627
5629
5630
1557
1237
1600
1262
3923
1332
1517
1382
1622
3071
3661
3209
3951
3735
2075
3941
1602
3501
5551
1291
5511
1453
3955
1435
5484
5453
1511
3967
5385
4016
4196
3864
3949
3876
1301
3319
3939
2053
3869
3987
3249
3973
3917
3184
3976
3145
2763
4011
4872
3900
1589
2003
5881
1862
5129
1857
3464
1950
1753
1394
1973
1519
3505
5652
5439
5421
5677
4284
5800
5379
4104
1334
5768
1264
45
1265
46
1266
1456
1399
1400
1401
1402
1459
1458
1457
47
1267
48
1268
49
1269
50
1270
51
1271
1272
52
1461
1460
1403
1404
4970
3086
2773
3768
2542
3566
5831
1772
4792
1946
2614
2275
1969
1431
1683
3584
4465
3142
392
1771
4791
1945
2613
2274
1968
1634
393
1635
226
1636
394
1430
1682
3583
4464
3141
1726
225
1725
466
1724
465
1723
464
1722
3766
3765
2541
3767
3565
5830
2772
3763
936
3764
3085
4969
3555
4437
1559
1553
4315
199
1415
3512
1502
1406
3234
4279
1463
2844
5098
4787
2812
1462
1405
1624
1625
386
1626
290
1627
323
1628
387
1629
388
1630
389
1631
390
1632
391
1633
641
2237
623
2236
502
2235
728
2234
3567
5832
1773
622
4793
4973
1112
4974
501
4975
639
4976
227
4977
396
4978
179
4979
833
4980
1184
4981
990
4982
154
4983
678
4984
17
4985
806
4986
744
4987
741
4988
4989
4990
4991
4992
4993
3040
998
3039
952
4811
4810
2256
2174
2148
2456
5862
1747
2288
684
2491
2492
2493
4816
4815
495
4814
2079
2080
686
2081
2082
2083
4817
4818
2494
424
2495
2496
2296
2295
2294
2293
2292
5732
5733
2381
2382
2383
5734
5735
5736
2384
2385
2386
5737
2297
2499
2498
2497
4819
2084
2085
2086
4820
4821
4822
2087
5005
5004
5003
5002
5001
5000
4999
4998
4997
4996
1020
4995
3904
3133
5306
810
2462
809
2461
481
5860
1745
5885
3042
4693
3552
3903
3132
5305
2662
3880
4151
4915
1766
5729
3563
1675
2874
1659
2218
3825
5052
3727
5696
2696
3052
5126
5284
1943
2997
5146
3025
5898
713
5897
1230
5896
995
2996
5145
3024
5600
2946
2211
3997
3119
3992
3979
5236
3860
5573
5394
5369
5553
3578
2168
3151
5315
3045
3066
3058
1483
5906
977
5905
913
5907
908
5908
891
5909
823
5910
1123
3663
3630
2488
2939
3134
3097
4111
2665
3670
4575
3027
2692
5158
2485
2487
2486
5159
5160
5161
1124
5162
696
5163
5164
5165
5166
2111
2038
2037
245
2110
2109
697
2108
3684
2106
5911
695
5912
757
5913
667
5914
5915
4244
1914
610
1922
609
1921
2039
2040
2113
2112
603
5167
5168
4217
3716
2718
1915
4245
4538
1444
2407
3411
2032
2706
3593
2518
2316
2107
3685
3631
3664
5561
5560
5559
5558
5557
273
2484
2483
5156
5157
4263
2700
2801
2932
1621
3642
1484
272
5904
1000
5903
710
3059
3067
3046
5316
3152
2169
3579
5554
5370
5395
5574
5902
1224
5901
1229
5900
1139
5899
1016
3861
5237
3980
3993
3120
3998
2212
2947
5601
5147
5148
5149
714
5150
5151
5152
5153
5154
5155
2482
2481
711
5556
5317
5318
5319
5320
5321
5322
5323
5324
5325
758
5326
668
5327
246
5328
604
5329
919
4218
3717
5169
2719
1916
4246
605
3415
920
3414
247
3413
791
5757
5756
792
5758
248
5759
1917
2720
5170
3718
4219
5760
606
3598
921
4220
3719
5171
2721
1918
5761
4237
4540
250
3688
3689
607
3690
922
5084
1083
3691
4047
3418
3377
4728
5333
2681
3354
3355
3356
3357
1031
3358
1079
3359
1066
3360
509
3361
1080
3362
825
3363
2521
5097
5094
5093
510
1835
1836
1837
1838
4117
4068
4125
340
4126
840
4127
309
4128
965
4129
881
4130
1179
4131
4091
3619
4249
5279
3426
5408
4036
3287
3212
3618
1121
4248
2618
872
2619
873
2620
37
2621
874
2622
143
2623
875
2624
63
2625
109
2626
876
2627
877
2628
878
2629
748
2630
222
5459
4627
1235
5431
4107
5566
5488
5570
5827
1128
3704
12
3705
5524
3703
2365
1481
3655
1427
2645
2318
3677
3640
1240
5519
5523
2644
1426
3654
1480
2364
3702
3676
3639
1239
5518
5522
5826
5569
2927
976
2926
975
2925
11
2924
221
2923
747
2922
974
2921
973
2920
107
2919
61
2918
972
2917
141
2916
530
2915
1797
1796
529
1794
528
1795
35
34
2914
971
2913
970
2912
870
2911
969
525
1792
526
1793
527
1176
5356
871
5357
1040
5358
1087
5359
36
5360
887
5361
142
5363
1085
5362
1353
3709
1372
4228
3407
5367
4154
1320
1854
4906
4733
1277
1822
62
5364
108
5365
1181
2279
5293
5231
5307
5120
4145
5108
4078
4907
1855
1321
4155
4734
1278
1823
1373
4229
3408
3710
1354
3834
4176
2651
1996
1257
3083
5278
3425
5407
4035
3286
3211
2617
4090
4247
4132
4836
2637
5400
4101
2905
4271
1527
2537
1579
4067
2520
5096
3756
1798
4169
1776
3369
2592
2766
3648
3276
3485
3739
4961
3179
3336
2446
2359
3353
2680
5332
3416
4045
1081
5330
4044
3375
4726
5339
5178
5177
2114
2115
2116
2043
2042
2041
1923
611
1924
612
1925
613
1926
614
1927
615
1928
616
1929
507
1930
1931
1932
2050
2051
1933
1934
617
1935
337
1936
618
1937
2904
2903
1526
4270
967
2908
879
2909
968
2910
1791
524
1790
523
1789
522
1788
1787
521
1786
2052
1785
5188
338
5189
5190
307
5191
5192
5355
1216
5354
5353
5352
5351
5350
5349
5348
5187
520
1784
519
1783
518
1782
5185
5186
5347
5346
5345
1064
5344
1101
5343
5182
5183
5184
2049
2048
2047
2046
2045
2044
2117
5181
1029
1075
5342
5341
5180
5179
5340
5366
5331
4727
3417
3376
4046
3599
1082
3600
1117
3601
901
3602
781
3603
1076
3604
1030
3605
1102
3606
1065
3607
508
3608
1118
3609
824
3610
1119
3611
339
3612
839
3613
308
3614
964
3615
880
3616
1120
3617
4133
3079
3080
3081
3082
3835
4177
2652
1997
1258
3084
1850
1849
1848
38
1819
549
1818
1817
548
1816
547
1815
546
1814
545
1813
544
1812
543
1811
4102
5401
2638
4837
3073
4092
3620
4250
3213
3288
4037
5409
3427
5280
2747
39
2748
2749
933
2750
166
2751
65
2752
110
213
1477
269
1476
268
1475
1375
4231
3410
3712
1356
1280
4736
4909
1821
550
1820
144
1851
1852
64
1853
1322
1856
4230
3409
3711
1355
1374
1824
1279
4735
4908
5109
4146
5121
5308
5232
5294
2280
2319
2646
2631
3678
3641
4435
5540
4741
4590
5525
3706
5520
1241
2366
1482
3656
1428
4079
4156
562
1419
218
1424
219
1425
220
3638
271
1479
270
1478
2756
2757
2632
3679
2367
2758
2755
2754
2753
3406
145
3402
3401
3400
2746
2745
2744
3399
3398
3397
3396
3395
2743
2742
2741
1530
312
1531
313
1532
314
1533
315
1534
316
1535
317
1536
3836
4178
2653
1259
1998
1847
1846
1845
1844
1843
1842
1841
1840
1839
341
310
542
1810
1809
541
1808
1807
540
1806
539
1805
538
1799
1834
561
5092
3696
3695
782
3694
3692
1130
3693
902
5085
5086
5087
5088
5089
5090
5091
1833
560
1832
559
1831
558
1830
3697
3180
4962
3740
3486
3277
3649
2767
2593
3370
1777
4170
1800
3757
2522
3364
4069
4118
1580
1528
2538
4272
2906
311
2740
2739
1529
2738
342
841
3394
3393
3392
3391
826
932
2737
2736
2735
511
531
3390
3389
3388
3387
2734
931
2733
930
4055
4054
2732
929
2731
928
2730
927
2729
551
2728
3420
5621
3379
3380
3381
3382
3383
3384
3385
3386
4053
4052
4051
783
2727
904
2726
926
2725
925
2724
4050
4049
5593
1084
5594
1223
5595
903
2360
5596
3337
2447
1825
2682
5334
4729
3378
3419
4048
4221
3720
5172
2722
5078
5077
5076
5075
5074
5073
4780
4779
5072
5071
5070
5069
5068
5067
275
5580
5581
979
915
5582
5583
910
893
5585
5584
5586
983
1126
5587
1215
5588
916
5589
670
5590
5618
5617
5619
251
5591
608
5592
923
5620
2723
924
5763
4239
1920
5079
4222
1131
4950
1086
4951
1211
4952
1221
4953
905
552
4955
784
4954
4956
1077
4957
1032
4958
1167
4959
4963
1778
3371
2594
2768
3650
3278
3487
3741
4056
3181
3698
3338
3340
1033
3341
3342
3343
4597
512
3279
1063
3275
1062
3274
1061
3273
3272
3339
553
3271
3270
2361
2448
1826
5597
2683
5335
5622
3421
4730
3269
2443
804
2444
805
2445
785
2684
5336
3266
4731
2678
900
2679
5598
2362
1827
3699
3182
4057
3742
3488
4594
3651
514
1779
3372
2595
2769
513
2897
961
2896
960
2895
959
2894
958
2893
957
2892
554
2891
2890
2889
2888
2887
3722
5725
5623
3422
5174
4214
5081
5765
4241
4945
1449
255
2673
2674
896
2675
897
2676
898
2677
899
5082
4215
5175
3724
3723
5726
5624
3423
4732
3267
5337
1060
5202
5201
5200
5199
5198
4720
4722
4723
4724
4725
779
2356
2357
2363
2358
780
1828
5203
1222
5204
786
5205
555
5206
1034
5207
1168
5208
1103
5209
1207
5210
4406
515
5211
535
5212
830
5213
346
345
4411
4409
534
4410
829
4121
4072
3283
3366
2524
3760
1802
4172
828
2899
533
2898
3759
3282
4071
4120
2900
4100
4099
2531
344
2901
962
2902
963
5403
2640
4839
3075
31
1254
3291
32
1255
33
1256
1261
2655
1538
2000
4039
3290
3215
4252
3622
1005
4094
1004
4607
1122
4608
4606
1209
4605
882
4604
966
4089
1175
4088
883
4087
4086
2536
2540
4603
842
4602
343
4601
3347
1582
3348
3281
3280
3344
532
3345
827
3346
1078
4600
4599
4598
4171
1801
3758
2523
3365
4070
4119
1581
2539
4273
2907
4103
5402
2639
4838
3074
4093
3621
4251
3214
3289
4038
5410
3428
5281
1260
1999
1537
2654
4179
3837
1357
3713
3403
4232
1376
1281
4737
4910
1471
1323
4157
4080
1420
5110
4147
5122
5309
5233
2281
5295
2320
2647
3634
3657
13
2368
787
5297
2369
788
2370
5460
5461
4628
5
4626
1178
4625
1210
4624
789
5462
4108
5432
5433
6
5538
5539
1234
4
5537
2325
763
2324
2323
762
2322
761
2321
1329
115
1328
114
1327
113
1326
112
1325
264
67
168
3296
3297
3298
4077
4149
5124
5311
5235
4144
4143
1170
4142
4141
4140
4139
1371
165
4424
4425
4426
4427
5119
4428
4429
1198
4430
4431
117
2284
2285
2283
5528
5532
116
5533
5534
5535
5536
15
5517
2634
3681
5299
5514
5487
4432
4433
-1
EOF
