NAME : 5934
COMMENT : Length 736284
TYPE : TOUR
DIMENSION : 5934
TOUR_SECTION
1
5751
1948
1949
5752
5753
260
1950
1951
5754
5755
5756
5758
5759
595
1954
1955
1606
1605
1604
1603
1602
1601
1600
389
1599
388
1598
1597
1529
3127
1133
3451
5250
2426
1678
2950
4884
1201
2912
5273
2423
749
2424
750
2425
5254
5255
3112
3113
5
3114
2378
2377
2376
2375
2374
5249
5248
748
5247
1526
3126
1130
3450
1071
5275
3350
3766
2105
1355
3768
5277
259
5278
1061
5279
4275
1396
1357
258
1356
5221
5909
5910
1009
5911
354
5912
1049
5913
1047
5914
1060
5915
1056
5916
860
5381
5406
5150
3091
4593
5212
5388
5420
4910
5343
4969
353
4970
4968
5299
5144
5448
5345
1522
5143
5208
5209
1058
1046
5346
1059
5347
859
5348
5379
5380
5410
5411
5412
5413
5311
5310
5309
5304
4972
4652
4653
4654
4655
5917
1050
5918
5919
5920
428
5921
5490
5922
4983
5430
5426
5427
1051
5428
1965
1964
599
1963
1962
5425
5305
4973
1960
5423
2556
5478
4984
5491
5923
1672
1369
270
1368
269
1367
1371
5306
4974
1961
1959
598
1958
1966
5307
4975
5317
1673
3734
5924
5492
4985
3037
1866
5132
5316
1903
3849
2092
4965
5284
1536
5128
1535
3105
4474
3164
4575
3764
2117
3733
1136
2545
3752
3108
3107
864
3106
59
3751
3750
664
3749
956
3748
961
3747
3743
363
3742
457
3741
651
5325
5331
5332
1533
1534
1723
5333
5324
3740
959
3739
573
5323
5321
5322
3738
958
3737
3736
550
5320
5319
429
5318
1370
2557
5424
5479
3735
957
1924
3156
4500
1204
4218
4251
2142
2158
2162
3998
4562
2428
4176
2544
1135
3104
4473
3163
4574
3746
3732
2116
3763
5127
1868
3217
1532
1722
3036
1865
5131
5315
1902
3848
2091
5330
4964
5283
5160
5161
5162
5163
676
2161
4174
990
5165
691
5164
5166
5167
1006
753
4175
4173
4561
2157
2141
4250
4217
4216
128
581
4215
4214
4213
4212
4211
4210
4657
1036
4658
572
4659
978
4660
456
3985
3986
362
4661
3984
5282
4963
5329
2090
1721
1867
3216
1531
1719
5126
3745
4209
3731
3162
4573
3762
2115
4472
3103
1134
60
1138
61
1139
62
1140
63
1141
4249
2140
2156
1203
4499
3155
1923
5159
2543
4666
4665
4664
4663
4662
960
3987
3988
955
3989
663
3990
58
3991
989
3992
3993
4667
4668
4669
675
3994
3995
3997
2427
2429
3996
690
4670
4671
1032
4672
1005
4673
755
2433
4560
2160
4558
4559
4172
4204
4605
4692
3221
1401
1586
1614
3942
885
4675
1037
4674
4676
288
4677
4678
4609
4608
1034
4607
4205
4606
5168
5169
886
289
5170
5171
592
5172
5173
178
871
5174
5175
5176
316
24
5177
4616
4617
4618
887
104
5178
5179
5180
5181
933
833
4619
4620
3626
2743
3475
4011
4801
3225
2360
1182
3028
3518
3268
2931
2684
2193
2208
1089
2196
700
2197
103
2198
701
2199
2200
702
2201
3625
3629
3479
3478
4010
4009
3481
2096
3631
2504
2207
5238
5240
2218
2287
2387
2503
2079
3670
3669
2084
2085
2221
2222
3770
3234
3235
2132
2627
2299
5243
673
2274
3232
5241
964
2769
1877
2272
3771
2205
704
2204
703
2203
645
2202
656
2097
3671
2080
2505
2388
2288
4623
4622
4621
657
5182
5183
5184
646
782
707
5185
5186
965
5187
4711
2770
2393
2292
2291
2290
2289
3672
2081
2389
2506
2390
2391
2392
4710
4709
4708
4707
4706
4705
4704
4703
4702
4701
4700
4699
4698
4697
4696
4695
4694
4693
3253
2224
1750
1752
3255
710
3254
3257
1452
317
1486
3141
1256
3243
1944
1615
3943
4679
1587
1402
3222
4206
2225
3256
1485
1537
821
2689
107
2687
2688
5364
5367
5372
1184
4803
4013
3477
2745
3628
2099
3673
2082
2220
2241
5239
2507
647
5376
5377
3674
2083
5357
708
5358
2695
2694
648
2693
659
2692
823
2691
822
2690
5365
5366
5371
5370
5369
5368
5373
5374
658
5375
3227
2362
2686
2933
3270
3520
3030
2195
2210
1091
1897
3588
1751
1566
1538
26
1453
25
1451
3587
1896
1090
2209
2194
3029
3519
3269
2932
1454
1539
106
1540
364
1541
1456
318
1455
105
2685
1183
2361
3226
4802
4012
3476
2744
3627
2098
319
1457
320
1458
321
1459
1544
367
365
1542
366
1543
368
1545
369
1546
370
1548
371
1547
322
1460
323
1461
324
1462
325
1463
1464
326
2629
2630
2631
2632
2633
2634
2635
2636
2637
1558
1557
1556
1555
1554
1553
1552
1551
1550
373
1549
372
3772
3233
1878
2273
2134
2301
2307
4564
3246
2107
2281
1742
2259
2317
2126
2297
4632
3890
3656
2776
4862
1885
3260
3174
1739
2400
4718
3136
4362
2152
3431
3148
2705
826
825
2701
2698
722
824
2696
558
2697
476
2699
671
2700
721
2702
475
2703
732
2704
686
2706
516
2707
827
2708
787
3121
1799
5843
4849
3926
2519
1572
1435
1152
1374
1755
3273
4959
3934
2888
3082
2437
3531
1153
1170
1147
72
1146
71
1145
1144
2709
70
2710
2711
2712
1756
1375
1573
1436
1843
2982
2904
5044
3553
2893
5233
2875
2785
80
1154
81
1155
82
1156
83
1157
2673
2650
4506
5122
3309
2669
4141
2714
2624
2597
2526
2511
1922
3185
5205
3662
3678
4028
84
1158
85
1159
86
1160
87
1161
88
1162
89
3453
3414
3381
3357
3295
3280
3868
2822
2944
3024
3041
3078
2534
3697
2844
4764
5359
5360
803
5361
1064
5362
5363
4002
2741
5350
1163
90
1164
91
1165
3632
4222
4139
2577
3514
5353
5354
936
5355
5356
4307
3910
5840
3776
3777
3778
3785
3786
3641
3635
3634
3633
92
1166
93
1167
94
1168
95
875
3193
876
3194
877
3195
878
3462
3461
3460
4041
4042
4043
5567
5631
3813
3640
4682
3784
5903
5597
5839
5838
1315
227
1316
228
1317
229
1318
230
1503
5566
5630
3812
3639
4681
3783
5902
5596
1502
1501
1500
3909
4306
3960
3961
3962
5576
5577
972
938
967
5575
5574
5657
5602
5603
5658
5659
5660
5605
5604
5606
5661
5662
5663
5607
5608
760
5609
916
5610
897
5611
5549
4292
5612
3472
3319
5581
5580
2469
4539
880
5578
5579
3963
3964
761
3965
917
3966
898
3967
5647
3498
3599
3064
858
3968
980
3969
3839
3922
1668
3829
5817
5047
4638
2918
3537
4288
2416
4492
3289
5739
5795
4462
3803
5056
5722
1192
3882
1576
3973
5685
5532
4266
1174
5516
3405
1656
3390
5475
4167
2498
4584
4645
1425
3897
5460
5404
3823
1346
3302
4066
3527
5928
5868
3624
3613
5397
4868
1513
4728
4019
4721
250
1340
249
1339
248
1338
99
1337
247
1336
118
1335
246
1334
245
1333
244
1332
243
1331
242
1330
241
1329
240
1328
239
1327
238
1326
237
1325
4294
3321
5614
5551
4046
4047
918
3465
3322
5615
5552
3389
902
4545
4546
4547
4548
4549
1934
1935
4550
1936
4551
4552
1937
4553
4554
299
1413
298
1412
297
1411
296
1410
295
5819
4640
4555
5049
3801
3800
426
3799
3797
3798
940
3796
3795
3794
3649
3650
3651
1409
294
1408
293
1407
292
1406
291
1405
290
1404
236
3646
3647
3648
3793
3792
3791
3790
3789
3788
3787
3642
939
3643
763
3644
903
3645
1403
4543
4544
5584
4542
5666
5136
1169
3197
879
3196
3203
3387
3388
762
3464
3463
4044
4045
5882
5135
3202
3386
5665
5583
4541
2471
3474
1322
233
1321
1506
1505
232
1320
231
1319
1504
5881
5134
3201
3385
5664
5582
4540
2470
3473
3320
5613
5550
1507
234
1323
1508
4293
3065
3600
3499
5648
1509
1342
3872
3970
4235
3066
3601
3500
5649
1510
1324
4295
4049
235
4048
3873
4236
3971
3923
3840
3538
1669
3830
5818
5048
4639
2919
4289
2417
4493
3290
5740
5796
4463
3804
5057
5723
1193
3883
1414
300
1415
301
1416
302
1417
119
1418
303
1419
4467
4465
3131
3128
3129
745
3130
4464
4466
3805
5058
5724
1194
3884
1578
3975
5687
5534
3407
1658
3392
5518
5477
4586
2500
4169
1176
4268
100
1420
304
1421
305
1422
1577
3974
5686
5533
4267
1175
3406
1657
3391
5517
5476
4168
2499
4585
4646
1426
5461
3824
5405
1349
5335
899
5336
35
5337
41
5338
48
5340
947
5341
829
5342
993
5339
717
5704
5899
4598
4877
4022
3177
2722
3690
1123
4578
5879
2257
3855
1114
2382
5863
2367
2267
3596
2239
2078
2553
3581
3371
3713
1104
4854
5850
3485
3438
3330
1429
4647
5334
1423
1430
306
3898
1350
1341
3329
3437
3484
5849
4853
1103
3712
3370
3580
2552
2077
2238
5703
5898
4597
4876
4021
3176
2721
3689
1122
4577
5878
2256
3854
1113
2381
5862
2366
2266
3595
2073
643
2074
644
2075
2076
3399
711
3398
3403
2237
2551
3579
3369
3711
3436
3328
3483
5848
4852
1102
34
3397
3396
3395
3623
4867
3622
3621
5473
5472
5471
5470
3979
1171
1177
1178
3410
1662
4015
4016
2496
2497
2494
4165
4644
1424
3896
5459
5403
3822
1345
4720
1512
4727
4018
4017
4729
252
4063
348
4730
5396
3612
4874
4869
4870
5867
5927
3526
3439
908
3440
3441
40
3442
3443
5697
911
5698
47
5699
946
5700
828
5701
5702
830
2725
3493
2723
2724
3492
3491
3490
3857
3489
3488
3856
5696
5695
2550
3487
1106
1111
39
1112
1115
42
1116
1119
45
1120
46
1121
1124
49
1125
2727
3495
4875
4596
5897
4020
3175
1127
4023
4024
4025
3688
4576
5877
3445
3859
2255
1118
1110
2236
2380
5861
2365
2265
3594
38
3715
3716
3719
1109
3592
37
2254
2384
2383
3593
2368
730
2369
4579
50
3691
3692
3693
4599
4600
4879
4878
3178
872
3179
873
3180
831
3181
3183
4880
4882
4602
5896
919
5895
5894
1066
5893
1033
5892
910
5891
44
5890
716
5889
1065
5888
5859
718
5860
2269
2271
5932
5934
2270
5887
2370
2385
2253
3858
1117
3444
5876
2726
4026
3182
4881
4601
3694
3494
1126
4580
5875
909
5874
43
5873
715
5872
5871
5933
5857
3400
3717
1107
5853
4857
3363
3589
2231
2546
3523
3522
3521
5864
4871
4724
5391
3827
3906
255
924
5869
5870
1096
5688
3617
3305
3333
3907
3905
3904
984
3903
3901
3902
4649
4589
4587
778
4588
4650
1431
4648
3899
307
3900
1351
1348
254
1347
3614
925
3615
3616
31
5930
5929
5931
36
2268
2264
5858
3401
3718
1108
5854
4858
3364
3590
1516
4731
5398
4014
4583
2501
4643
3895
1432
3828
5392
4725
1343
3610
4872
5865
5925
3524
1097
5689
3306
3334
2547
2232
3591
901
4859
5855
4856
4855
4850
3710
3365
3714
2233
2234
2235
3402
5852
5856
5851
3577
3578
3368
3367
3366
2548
5847
4851
1101
1105
3486
2549
5694
3301
4065
5692
5693
5691
4064
3304
3482
3307
3303
5395
5394
5458
5457
5402
1344
4719
4723
1040
4722
3821
5401
1427
1428
3825
5393
3826
1514
1511
349
1515
4726
4732
3611
4873
5866
5926
3525
1099
33
1100
1098
5690
3327
3331
3332
3576
32
3575
3574
251
3573
3572
779
3571
4163
4164
5399
5400
5456
4062
4061
4060
905
418
5455
5454
5453
5452
5451
1582
2066
3885
101
3569
3568
3567
3570
417
904
4162
4161
4160
379
4159
113
4158
1001
4157
1000
4156
894
4155
740
3291
5059
5060
3879
1189
5054
5463
4459
2414
3287
4052
3809
1579
1580
988
4059
4058
375
4057
981
4056
114
4055
969
4054
997
4053
4489
741
4488
4487
4486
4485
4484
4483
4482
4481
728
4480
5645
5644
1834
539
1835
3597
2357
4278
3837
3535
4254
1665
5045
4636
5503
2916
5050
4152
999
4153
848
4154
5053
4635
5502
3607
3606
932
3605
421
4453
4454
893
4456
739
4455
847
2915
2413
3293
4051
4458
4457
5462
3808
5061
1188
3886
2065
1581
5450
3978
3618
1179
3409
1661
3566
2418
2419
2920
2913
5500
2921
1195
2062
641
2063
2064
120
2061
640
2060
639
2059
638
2058
637
2057
636
2056
635
2055
634
2054
4641
4642
4633
3608
5051
4149
3833
5519
3844
4252
1663
3541
419
2053
633
2052
632
2051
512
2050
631
2049
630
4581
4582
5725
3325
5780
4475
3466
2401
2402
733
2403
734
2404
735
2405
513
2591
4297
1794
5705
3915
1836
3503
2355
4276
4229
3876
5667
2406
726
2407
736
2408
420
2409
737
2410
738
2411
3292
4050
2412
2914
5501
4634
3609
5052
4150
3834
5520
3845
3542
1664
4253
5668
3877
4230
4277
2356
3504
1837
3916
5706
4298
1795
2592
3326
5726
5781
4476
3467
1789
508
1790
509
1791
510
1792
511
1793
540
4450
727
3602
2593
3323
3324
4449
4448
4447
4446
4445
2589
2590
4299
3501
920
3502
4231
3603
931
4451
4452
3604
3539
3540
3846
3841
926
3842
3843
4151
3835
5521
5669
3878
4232
3917
5707
1838
3496
4477
5782
3316
5727
5547
4290
4296
5546
5545
5543
5544
2588
4536
4535
4534
814
2586
815
2587
5542
5541
544
2585
2584
813
2583
812
2582
811
2581
5538
5539
5540
536
1832
537
1831
535
1830
534
1829
533
1828
532
1827
531
1826
530
1825
529
1824
4224
4225
5635
5636
5637
5638
5639
5640
3815
3814
2347
2348
3817
3816
5641
5642
3818
724
2350
2349
2464
2463
2462
2461
2460
2459
2345
2346
5905
5904
3911
4304
4303
3423
3427
2344
2458
2457
2456
2455
2454
2453
2339
3418
4131
4132
4133
4134
3421
3420
3419
2340
2341
2342
2343
3422
4135
4136
4219
4223
1823
528
1822
527
1821
526
1820
525
1819
524
1818
523
2839
2840
2574
5571
2738
3999
4004
804
4003
5652
4036
3507
5555
3686
4760
5618
2940
5587
3285
2530
2939
2938
2937
849
2936
2815
2678
2515
4145
2833
1812
1811
346
1810
1809
1808
75
1807
1806
1805
1804
1803
518
1802
4115
4116
5109
5110
5111
5112
4117
4118
271
4119
4120
4121
5113
5114
5115
2332
2331
2330
2329
2328
2327
2326
2520
2438
2439
2440
2441
2442
2443
2444
2447
2333
5116
4122
311
4123
5117
5118
2598
2599
3663
3664
3415
3416
3417
2338
2337
2452
2451
2450
2336
2335
2449
2448
2334
215
4124
4125
4126
4127
4128
4129
4130
1817
522
1816
521
1815
520
1814
519
1813
2834
2835
2836
2837
2838
4513
3298
3017
3353
3862
3374
3667
1918
1917
2620
2601
2522
2718
2619
2618
2617
1914
1915
1916
2832
2831
2830
2829
2828
2827
2826
2825
2824
1908
2611
5033
3935
3936
4413
4412
4411
4953
4737
1289
205
1290
206
1291
207
1292
208
1293
1294
1376
1651
374
1650
414
1649
413
1648
412
1647
2521
2823
2767
2558
3534
3930
3543
1248
170
1247
169
1246
5432
2018
2019
5433
2020
2021
2022
610
2023
2024
5439
214
5351
2025
611
2026
612
2027
613
2028
280
2029
614
2030
615
2031
616
2032
617
2033
618
2034
619
2035
620
2036
621
2037
622
2038
623
2039
624
2040
625
2041
626
2042
3912
5632
4226
5535
4300
3705
5797
2043
2044
2048
629
2047
628
2046
627
2045
542
5798
5799
4686
5884
4532
4531
1031
4530
1030
4529
543
3198
3382
3819
5140
4533
5885
4687
5800
1861
3636
3050
5906
3779
3706
3913
5633
4227
5536
4301
3425
5599
4006
5569
4035
5651
3506
5554
3685
5617
2538
3284
5586
2729
3362
3297
4512
4755
4756
4757
4758
4759
4435
4434
4433
4432
4431
4430
4429
4428
4427
489
1771
490
1772
491
1773
492
1774
493
1775
494
1776
495
1777
496
1778
497
1779
498
1780
499
1781
500
1782
501
1783
502
1784
503
1785
504
1786
505
1787
506
1788
507
4444
4443
4442
4441
4440
4439
4438
4437
4436
4528
950
4527
985
4526
1011
4525
1019
4524
907
4523
3424
5598
4005
5568
991
4522
1029
4521
994
4520
921
4519
944
4034
5650
3505
5553
3684
2537
5616
3283
5585
2728
3361
3565
3564
4518
791
4517
892
4516
832
4515
900
4514
896
3563
281
3562
930
3561
837
3560
783
1389
3016
3860
3372
3665
2934
2814
2677
2514
4144
2529
2600
2717
3312
1487
3944
3067
1301
2897
2878
1441
5235
3089
5352
3559
3558
344
3557
3556
5438
310
5437
3555
3554
3546
3545
5436
415
5435
73
5434
3544
3938
1567
3276
1148
2777
5820
3547
2445
2907
2985
1654
1653
1652
1377
1378
1379
1380
1381
1382
274
1383
275
1384
276
1385
277
1386
278
1387
279
1388
4754
4753
4752
1768
487
1769
488
1770
4426
4425
4424
4423
485
1767
486
4751
4750
4749
1300
213
1299
4748
1764
345
1765
484
1766
4422
4421
4420
4419
1763
4747
212
1298
211
1297
210
1296
4746
4745
4744
4743
74
209
1295
4742
4741
4740
4739
4738
4954
4955
4956
1757
1758
1759
1760
1761
1762
4418
4417
4416
4415
4414
3937
5034
5035
5036
5037
2615
2614
2613
2612
1909
1910
1911
1912
1913
2616
5038
5039
3548
2908
2446
3090
5236
1442
2879
2898
1302
3068
3945
1488
3313
2527
2528
2935
3666
3373
3861
3352
3358
3359
3360
2730
2731
2732
2733
2734
2535
2536
5570
2737
2736
2735
2578
808
2579
809
2580
810
5537
5600
3426
4302
4228
5634
3914
3707
3780
5907
3051
3637
1862
5801
4688
5886
3199
3383
3820
5141
4537
3468
1833
538
5643
4478
2351
725
2352
2465
5783
5784
2353
4479
2354
4279
5785
5786
975
4280
4281
927
5787
5788
5789
422
4282
1017
4283
4284
973
5790
5791
1018
4285
4286
4490
4460
5792
5465
970
5466
115
5467
982
5464
5055
3810
1190
3880
1574
2067
5468
376
5469
96
906
3619
3620
3408
3393
3394
253
2072
2071
642
2070
3404
1655
1659
1660
5474
4166
5515
416
2495
2493
777
2492
2491
776
2490
5513
5514
4262
4263
4264
4265
5684
5511
5512
98
2488
2489
1173
3977
3981
97
2069
2068
5531
3980
1172
5530
377
5529
983
5528
116
5527
5526
5737
5793
742
5525
1026
3288
4491
2415
4287
5738
5794
4461
3802
3806
3807
3881
1575
3976
3972
5721
1191
5720
968
5719
1027
5718
743
2483
773
2484
774
2485
2486
775
2487
5510
378
5683
5681
5682
117
5509
5508
5507
5506
744
5679
5680
4260
4261
4256
425
4257
1014
4258
1015
4259
5678
5505
5677
5676
5675
1013
5674
929
5671
4233
3870
3063
5672
977
5673
3921
3871
4234
979
3920
857
3919
3918
3598
3497
5646
3318
3471
2468
2467
3470
3317
5548
4291
5708
5810
5809
5808
3059
856
3058
855
3057
759
5807
5806
5805
5804
3056
3055
3054
5883
5137
5138
5139
2466
3469
5728
5729
3060
3062
3061
5730
3874
3869
5811
5709
5710
5711
928
976
5812
5813
3536
3838
5670
3875
5731
5732
5733
5734
5735
5736
5524
2917
5504
4637
5046
3836
5816
423
5523
5522
1667
1666
4255
5814
5815
1012
5712
5713
5714
5715
974
5716
1052
5717
2482
772
2481
3831
3832
424
2480
771
2479
770
2478
769
2477
768
2476
767
2475
766
2474
765
2473
764
2472
4538
3384
3200
5133
5880
5565
5564
5563
5562
966
5561
5595
5594
5560
805
5559
5558
5592
5593
5654
5655
995
5656
5573
806
2740
4001
4038
3509
2572
2571
789
2570
800
3039
2532
3695
2842
4762
5591
3683
5557
922
3700
3701
948
3702
5624
5623
5622
5621
945
3282
2531
5620
5619
3286
2841
4761
3687
5556
3508
5653
4037
2575
5572
2739
4000
4137
4220
5601
5625
3703
949
3704
3709
5901
3782
4683
4680
937
971
4684
4685
4689
5629
5628
5627
951
5626
4305
3908
3708
5900
3781
3638
3811
5803
5802
854
1860
1859
3049
3052
3053
3048
1858
541
1857
3047
3044
3045
3046
1856
1855
1854
1853
3043
5588
2941
2818
2817
4511
4510
1850
1851
1852
3042
3038
2819
3864
3865
838
3281
3299
3277
3698
3699
3682
788
839
3681
890
3680
850
3679
2676
3675
5202
216
2675
2670
2674
2782
5230
2890
5200
5199
5198
78
272
1150
1840
2979
5822
3550
5041
2901
1433
1437
77
2983
1438
308
2984
2986
5040
3549
2889
2894
2780
2781
2895
1439
309
1440
1444
2881
4502
3659
3378
3354
3018
3377
3376
2679
4146
1919
2896
1303
5119
3069
3946
1489
3314
2621
2594
2719
2523
2508
3375
3411
3863
2816
2513
2512
4508
1848
1849
4509
2899
1443
2880
4501
4507
1847
1846
3088
5237
5234
5229
2906
3087
1845
1844
3275
3274
2766
2765
756
3083
2885
3079
3532
3528
2434
3931
3533
3084
3085
3086
76
2905
2900
5821
2778
2779
1839
1149
3929
757
3928
4957
3271
1568
1753
1372
3932
2559
3529
2435
3080
2886
5197
758
5196
2560
2561
3530
2436
3081
2887
3933
4958
3272
1569
1754
1373
1434
1151
1841
2980
5823
2902
5042
3551
2562
2563
795
2564
5201
2565
796
3947
3070
5120
1304
2877
4503
2873
2876
2891
5231
2783
2671
3948
347
3949
941
3950
895
2566
797
2567
798
3019
3412
3379
3355
3300
3278
3866
2820
2942
5589
5590
3022
3021
3020
2569
799
2568
3296
3951
891
3952
840
3953
790
3954
801
3955
923
3956
3957
3958
3959
4221
4138
2576
3513
3511
3512
3510
2573
4763
2843
3696
2533
3040
3023
2943
2821
3867
3279
3294
3356
3380
3413
1494
220
1309
221
1310
3076
3075
5833
4029
4030
4031
5834
4032
4033
4039
996
5836
5835
3077
222
1495
1496
1311
223
1312
224
1313
225
1497
1498
1499
1314
226
5837
4040
3459
807
3192
3191
3458
802
3457
3190
3189
3456
3455
3454
3452
3188
3187
874
3186
2716
2525
2510
1921
3184
2623
2596
2713
2668
4140
2715
3308
5121
4505
2649
2672
5232
2874
2784
2892
3552
5043
2903
1842
2981
841
5827
817
5828
1053
5829
5830
3311
3310
4142
580
4143
4027
3677
3661
5204
4148
5831
5832
3074
3073
218
1307
219
1308
1493
3676
3660
5203
2524
2509
1920
4147
1492
1484
1491
1490
2720
2595
2622
3315
2667
2666
217
1483
1305
1306
3072
3071
4504
2648
2646
341
1481
342
2647
1482
343
2665
2664
2663
2662
2661
2660
2659
1476
339
2641
2642
1477
340
1478
2643
2644
273
1479
79
1480
2645
5824
5825
842
5826
1571
1570
1565
1564
1563
1562
1561
1560
1559
2638
2639
2640
338
1475
337
1474
336
1473
2656
2657
2658
2518
3925
4848
5842
1798
3120
3147
3430
2151
4361
3135
473
4716
2654
4717
474
2398
2399
1738
3173
3259
2655
335
1472
334
1471
333
1470
332
1469
331
1468
330
1467
329
1466
328
1465
327
2293
2294
2295
2296
2394
2771
2772
2395
2396
2773
2397
2775
4861
1884
3655
3889
4631
731
2774
4715
4714
4713
4712
5188
4627
4626
4625
1035
4624
2240
2219
2242
712
2243
713
2244
557
2245
2306
2300
2628
2133
2308
2309
2276
2275
2279
4563
3245
2280
1741
2258
2260
2261
2315
2251
2316
2310
2311
2312
2127
672
2128
3169
3168
2131
3167
3891
3892
3893
3261
3262
3144
1890
3171
3170
1886
472
1887
3146
3429
2150
4360
3134
2653
3258
3172
1737
4630
3888
3654
4629
2110
661
2111
4860
1883
2114
3653
3887
2252
2248
2247
2246
714
2108
2109
4628
5189
5190
5191
5192
685
5193
515
5194
1057
5195
786
2517
3924
4847
5841
1797
3119
3927
785
2516
5845
5844
3145
3118
2883
2884
784
2764
2763
2762
2761
2760
2759
2758
2757
2756
2755
2754
2753
2752
2751
2750
2749
2748
655
2095
2094
2742
2217
2747
2746
3230
3229
3228
1186
3223
2213
2214
2215
4008
3224
2359
1181
2683
2930
2929
2212
102
2682
1180
1185
2681
3267
3517
3027
3026
1087
22
1086
1088
1261
2211
2928
23
2927
3585
1894
567
1893
1895
3586
1450
4615
4614
4613
4612
4611
4610
1943
3242
3140
3252
2226
1448
315
1449
2227
2230
1749
3584
1748
1447
1255
3239
3240
591
3241
3139
2924
2925
2926
1260
21
1085
20
1084
19
1083
1259
1258
1254
1257
18
1082
17
1081
1941
1942
1940
16
1080
15
1079
14
1078
13
1076
11
1075
1074
12
1077
3941
1400
3220
4203
754
4202
4201
2432
1933
1929
584
1930
583
1928
582
1927
1926
1925
2121
2120
2119
1137
665
2118
5125
5124
4240
4241
4242
5289
5290
3761
1875
4571
4312
4311
4310
4309
4208
4766
1010
4767
954
4768
554
4769
793
2540
3101
4470
3160
4570
1874
3730
555
4313
794
3102
4471
3161
4572
1872
552
1871
551
1870
1869
3760
3759
5288
361
3758
963
3757
962
3756
5287
5286
5285
1251
174
3755
5488
5489
4980
1968
1670
1712
3099
5414
2554
5308
4651
5301
5378
5349
5146
4590
4765
3744
5123
4308
3215
4237
4961
5327
2088
3852
1250
3754
5429
3035
1864
5130
1899
3982
1530
3159
4469
2539
3100
4569
1873
4207
3729
3158
4468
3157
3726
172
3725
1249
3753
5487
1898
5129
1863
3034
3033
569
3724
952
3723
546
3722
3721
3720
601
1971
545
1972
602
1973
568
1974
171
1975
359
1976
1092
27
1977
1978
29
1093
28
5154
2845
1095
30
1094
1979
1980
1981
64
2847
2846
135
1210
2848
129
1982
1983
1984
2850
2849
1212
136
1211
2796
2795
2952
2953
2987
2954
2955
2956
2957
2800
1216
139
1215
138
2799
2798
2797
1214
137
1213
6
2851
1985
1986
1987
2853
2852
2854
1988
1989
1990
2856
2855
1218
141
1217
140
2802
2801
2958
2959
2993
2992
1618
1617
1616
1611
2991
2990
2989
2988
4603
1072
2430
4199
4170
1931
4556
4804
2153
1207
1142
4986
5062
4494
4067
3149
2122
5155
5293
4363
4364
1022
4365
1023
4366
667
4367
66
4368
131
4369
687
4913
4914
585
1002
8
4994
1003
4993
586
4992
679
4991
688
4990
132
4989
67
4988
5063
4496
4068
3150
2123
5156
5294
4495
4987
4370
678
4371
4372
4373
7
4915
4916
4917
4918
285
882
4374
1024
4375
4376
4995
1038
4996
883
4997
286
287
4783
884
4782
1039
4781
9
4780
1004
4779
587
4778
680
4777
689
4776
133
4775
68
4774
1028
4773
668
4772
1042
4771
1041
4770
5295
5157
1021
4315
1020
4314
2541
2542
5296
5158
5292
5291
4243
4244
4245
670
4246
4247
4248
2155
2159
4806
4807
4808
4809
4810
4811
5072
10
5071
5070
4076
4077
4078
4079
4080
4081
4082
4083
4084
4085
5079
5078
2172
2173
4816
4815
4814
4813
4812
2169
2170
2171
5077
5076
5075
5074
5073
2168
2167
2166
2165
692
2164
2163
2144
677
2143
69
1209
1206
2139
1202
1205
4498
3154
2125
3153
5065
5066
5067
5068
5069
4075
681
4074
4073
134
4072
4071
998
4070
3152
4316
669
4317
2124
3151
4069
4497
5064
1143
1208
4318
4319
4320
4321
4322
2154
2146
4805
4557
1932
4171
4200
2431
1073
4604
4691
4323
4324
4325
4326
4327
3219
1399
1585
3940
1613
4328
4329
4330
4331
4332
4333
4086
5080
2174
4817
4818
4819
4820
4821
4822
4823
4824
4825
4826
4827
4828
4829
4830
4831
4832
4833
2190
2189
2188
2187
2186
654
5092
4097
4098
4099
5093
5094
5095
5096
4100
4101
4102
4349
4348
4347
4346
4345
4344
4343
4342
4095
4096
112
5089
5090
5091
2185
697
2184
696
2183
2182
2181
695
2180
694
2179
693
2178
2177
2176
2175
5081
5082
4087
4088
4089
5083
5084
5085
5086
5087
5088
4092
4093
4094
4341
4340
4339
4338
4091
4090
4337
4336
4335
4334
1747
2229
889
4794
853
4793
181
4792
566
4791
483
4790
314
4789
870
869
5003
313
5004
482
5005
565
5006
180
852
5007
3265
819
5009
888
5008
3515
4795
820
4796
3231
2216
3480
2093
3630
3668
1724
1725
460
1726
461
1727
462
1728
463
1729
464
1730
465
1731
466
1732
467
1733
468
1734
469
1735
470
1736
4358
4357
4356
4109
5103
2320
2319
5102
4108
4355
4354
4353
4352
4351
4350
4103
5097
2191
3773
3774
2135
2136
4565
5098
5099
4104
4105
4106
4107
5100
5101
4566
2282
2283
2318
709
4834
4835
4836
4837
4838
4839
4840
4841
4842
4843
4844
4845
4846
2325
514
2324
723
2323
684
2322
471
2321
5104
5105
4110
4111
4112
4113
5106
5107
5108
4114
517
1801
1800
1796
4359
3428
2149
3432
3433
3435
1905
577
1906
579
1907
578
2609
2610
5032
5031
576
5030
5029
683
2607
2608
2148
3133
2652
3143
3264
1889
4866
4864
4863
2113
2603
2604
816
2605
2606
563
5028
5027
5026
5025
3657
3652
2250
2130
3166
2285
4568
3244
2278
2138
5020
556
5019
699
1879
1880
559
1881
3247
4401
4400
719
4943
4942
4941
4940
4939
834
4399
4398
4397
4396
698
4938
1275
191
1276
192
1277
193
1278
194
1279
195
1280
196
1281
197
1282
198
405
1641
406
1642
408
1644
409
1645
410
1646
411
5846
2882
3434
3117
4733
1904
2147
3132
2651
3142
1888
3263
4865
3894
2602
2112
3658
164
1242
165
1241
163
1240
162
1239
161
3015
3014
3013
3012
3011
3010
3009
3008
1633
398
1634
399
1635
400
1636
401
1637
402
1638
403
1639
404
1640
3165
2129
2249
2313
2262
1745
2284
3249
2305
4567
2277
1238
160
1237
159
1236
158
2978
2625
1882
2137
2977
2976
2975
2974
1235
157
1234
156
1233
155
1232
154
1231
153
1230
152
1229
151
2867
2866
2865
1228
150
1227
2810
2811
2812
2813
2970
2971
2972
2973
3007
3006
3005
3004
2969
2968
3003
3002
3001
2967
108
1226
1225
148
1224
2808
2809
2966
2965
3000
2999
1624
1625
1626
1627
1628
1629
394
1630
395
1631
396
1632
397
190
1274
189
1273
188
1272
187
1271
186
1270
4933
652
934
4934
458
942
4935
4936
4937
649
780
4395
4394
4393
4392
4391
4390
705
4932
185
1269
184
1268
109
1267
183
1266
182
1265
1262
1263
4927
564
179
4928
851
4929
818
4930
110
4931
4389
4388
4387
4386
4385
4384
4383
4382
868
4924
4925
312
481
4926
1891
3582
2228
1746
3250
2922
1445
3137
1619
1620
1621
1622
1623
2998
2997
2996
2995
2994
2962
2961
2960
2803
2804
2805
2806
2963
2964
2807
147
1223
146
1222
145
1221
144
1220
143
1219
142
2859
2858
2857
1991
1992
1993
1994
2860
2861
1995
1996
1997
149
2863
2862
2864
1998
1999
2000
2001
2002
2868
2869
2003
2004
2870
2005
2871
2872
2006
603
2007
560
2008
604
2009
478
2010
605
2011
606
2012
607
2013
561
2014
574
2015
608
2017
609
2016
5431
168
1245
167
1244
166
1243
1643
407
1283
199
1284
200
1285
201
1286
202
1287
203
1288
204
4736
4952
4410
4409
4408
575
4950
4951
4735
4734
4949
682
4407
4406
4405
1025
4404
662
562
4948
4947
4946
4945
4944
479
4403
4402
3248
480
5024
5023
1744
2314
2263
1740
477
1743
2304
2303
2302
720
674
5022
5021
2298
2626
3236
1876
3775
2768
5242
2223
2192
2206
2502
2086
2386
2286
5018
650
5017
781
5016
943
5015
459
5014
935
5013
653
5012
706
5011
111
2364
5010
2363
729
4797
4798
992
4799
4800
4007
1187
2358
2680
3266
3516
3025
1264
1892
3583
3251
2923
1446
3138
1939
3238
1253
4788
177
4787
590
4786
393
4785
380
4784
1584
4998
987
4999
392
5000
589
5002
176
5001
4377
4378
4379
4380
4381
175
588
391
986
4919
4920
4921
4922
4923
1252
3237
1938
1612
3939
1583
1398
3218
4690
4912
2145
2951
2794
130
2793
65
2792
666
2791
836
2790
835
2789
792
2788
553
2787
2786
3728
953
3727
360
3214
3213
3212
3851
2087
5326
4960
5499
5498
5497
173
5496
570
5495
1054
5494
547
5493
3032
3031
1967
1970
600
1969
5386
5226
1048
5225
5224
5440
1517
5223
5385
4273
1016
4272
350
4270
256
4271
4269
2100
5215
1352
2102
2
2101
1062
381
746
912
51
355
843
1007
2945
1674
1196
430
121
3446
1128
1524
3122
2909
3335
5269
4177
2946
1675
1197
5244
2420
1588
2371
5251
3204
1069
5216
1353
2103
5257
3109
1390
3765
5274
5415
5142
4905
5206
5227
5908
4966
5297
4274
5441
1518
5265
5387
4909
4908
4906
4904
4907
1045
5207
5447
5445
5446
4903
4902
4901
5444
5443
5442
1394
1393
4900
4899
4898
282
4897
3
4896
865
4895
1044
4894
1043
4893
382
4892
747
4891
913
4890
52
4889
356
4888
5270
1198
4178
4887
1008
4886
122
4885
4883
431
1680
1681
123
1682
1683
433
1684
434
1685
1686
5271
5272
1525
1129
3447
5245
2421
436
1688
435
1687
1689
1690
437
1589
2372
5252
5258
3110
3205
1070
1691
438
1692
439
1693
1694
440
1695
2104
1391
283
1392
257
1696
1697
1698
351
1699
1700
441
1701
442
1702
443
1703
444
1704
445
1705
446
1706
447
1707
448
1708
449
1720
1709
450
1710
1711
2089
5328
4962
4239
4238
5281
3983
3853
1900
5485
571
5486
1055
5484
548
5483
452
1716
453
1717
454
1718
455
3850
3847
1901
5314
5313
549
4656
5312
1671
3098
1713
1714
451
1715
4979
4981
4982
5482
5481
427
4978
5480
2555
4977
4976
5303
862
3096
863
3097
3095
861
3094
5211
5210
4592
5149
5302
5148
5147
4591
5419
5418
5417
5416
5267
4197
1521
352
4196
5266
5220
5219
284
5218
5217
4194
4195
1520
1519
5298
4967
1395
1354
3210
3111
5259
5253
2373
1590
3449
4186
4187
4188
4189
4190
4191
4192
3206
3207
3208
3209
4193
3349
3348
4
3347
3346
3345
3344
3343
383
3342
3341
3339
53
3340
357
3338
3337
3336
1200
124
1199
2949
2948
2947
1676
432
1679
1677
4179
125
4180
2911
2910
4181
4182
4183
4184
4185
3448
3123
844
3124
358
3125
2422
5246
1591
384
1592
385
1593
386
1594
387
1595
3767
881
5276
660
3115
5263
5262
5261
1063
5260
1528
54
1527
1131
55
1132
1068
3116
3211
3351
2106
2379
5264
1067
5256
1596
5407
5382
5151
3092
4594
5213
5389
5421
4911
5344
5449
5145
4971
1523
5300
4198
5268
5228
5280
5222
1358
1397
3769
1359
261
1360
262
1361
263
1362
264
1363
265
1364
266
1365
267
1366
268
1608
1607
1609
5152
5383
5408
390
1957
597
1956
596
5409
5384
5153
1610
3093
4595
5214
5390
5422
5779
5778
5777
5776
1953
1952
5775
5774
5773
5772
5771
5770
5769
1947
1946
594
1945
5768
593
5767
752
5766
915
5765
57
5764
867
5763
846
5762
127
5761
5760
5741
5757
5742
126
5743
845
5744
866
5745
56
5746
914
5747
751
5748
5749
5750
-1
EOF
