NAME : 724
COMMENT : Length 51058
TYPE : TOUR
DIMENSION : 724
TOUR_SECTION
1
724
715
2
3
4
713
712
703
698
693
696
94
691
692
22
96
687
30
47
38
31
34
107
78
65
67
82
103
97
89
88
695
699
702
711
5
705
716
7
717
706
714
707
718
6
17
15
86
84
63
64
85
83
90
101
100
700
720
719
708
8
709
701
19
20
16
710
9
10
98
87
102
68
66
50
109
69
113
75
77
76
114
110
111
74
115
116
70
104
106
71
72
54
53
73
55
56
62
58
57
112
52
60
61
105
653
647
59
51
108
117
652
645
646
676
667
626
664
679
35
666
677
669
681
665
654
678
668
680
682
675
673
656
628
659
662
622
623
154
142
166
165
605
157
609
160
158
615
618
661
657
658
627
625
663
660
619
638
621
637
629
642
644
634
635
643
640
648
641
120
639
121
151
147
135
136
150
148
134
602
604
603
130
127
172
146
149
167
125
126
169
170
124
168
123
651
119
649
118
650
122
171
132
133
128
131
279
282
277
273
276
280
281
129
284
283
278
274
567
585
577
578
584
580
579
576
568
555
556
572
581
589
586
587
569
557
550
574
566
571
582
583
607
137
138
141
152
153
159
624
633
616
636
162
140
139
606
608
588
570
592
594
590
601
599
595
559
575
573
551
185
552
558
597
591
600
173
144
145
177
179
180
184
175
598
593
596
562
563
561
549
536
532
535
533
539
205
207
254
196
199
201
236
528
531
537
546
564
554
187
186
553
547
540
541
529
188
545
190
257
247
256
221
514
208
192
542
543
548
544
189
258
265
519
518
520
521
266
523
524
269
195
197
526
527
198
194
259
272
275
271
268
267
193
260
261
211
522
263
264
525
262
210
251
248
515
209
517
516
225
226
224
216
223
222
343
345
344
498
507
510
508
509
213
214
512
250
253
249
252
511
212
506
503
353
354
502
504
500
494
493
300
298
293
413
458
457
412
411
453
461
462
414
410
415
408
409
294
295
299
484
485
301
501
302
289
288
505
285
287
286
291
290
292
404
365
421
424
423
422
425
426
427
428
430
429
432
433
435
431
434
436
437
438
441
440
439
442
444
443
445
446
447
450
449
448
451
452
465
463
460
459
420
416
417
296
481
478
487
486
297
490
479
482
496
499
346
350
351
340
495
342
341
349
352
347
348
338
497
492
339
337
336
335
491
480
488
476
477
418
467
419
466
464
455
456
454
369
371
370
372
368
367
373
374
366
375
376
378
377
379
382
384
387
388
389
390
386
393
392
391
394
395
396
401
397
402
309
307
319
318
303
317
334
304
357
311
306
305
308
315
310
312
313
405
406
398
407
400
399
385
383
381
380
471
473
472
470
469
468
364
489
360
483
359
358
316
362
475
403
474
363
314
361
356
355
333
332
329
322
325
323
324
513
220
228
331
246
245
255
270
191
538
202
204
238
241
217
227
243
244
219
218
215
229
230
231
326
327
328
320
321
330
233
232
234
240
235
242
239
206
200
237
203
534
565
530
560
182
181
183
178
176
174
143
163
161
610
617
630
614
612
632
620
156
155
164
631
611
613
655
674
683
671
80
41
42
49
685
81
48
32
684
670
79
37
672
36
33
686
689
45
688
93
24
21
704
11
721
697
25
29
39
44
46
43
690
95
92
40
91
99
27
23
694
722
723
28
26
18
14
13
12
-1
EOF
