NAME : 783
COMMENT : Length 10489
TYPE : TOUR
DIMENSION : 783
TOUR_SECTION
1
17
37
45
57
67
46
41
23
2
7
18
33
12
9
10
29
3
5
8
19
30
36
20
31
22
14
16
21
26
32
51
55
44
27
24
28
34
43
38
4
11
13
6
40
79
84
87
75
66
60
73
96
91
90
78
69
93
131
132
141
154
130
129
144
159
167
158
170
168
177
181
194
193
171
149
134
135
101
106
109
114
122
119
104
113
145
142
148
166
174
192
178
189
191
197
188
183
173
164
165
150
126
118
121
124
103
92
72
54
42
35
50
62
82
86
85
68
61
59
64
71
99
138
157
182
190
169
163
140
128
143
133
137
152
161
176
179
198
200
206
212
225
233
217
232
240
258
268
259
250
269
281
292
303
311
318
312
301
310
308
337
338
340
348
364
373
368
361
349
362
331
324
342
334
320
298
309
304
297
296
284
271
272
261
279
264
265
238
247
245
252
241
220
228
229
244
221
226
237
257
275
282
260
263
288
283
287
295
262
253
251
219
211
209
210
201
213
203
207
223
214
199
218
234
254
280
285
314
315
329
341
355
357
367
394
374
369
379
378
388
385
383
381
386
380
375
360
354
351
326
336
330
322
345
333
321
316
332
350
347
370
372
391
377
393
376
365
353
346
339
325
323
327
335
328
344
358
366
371
392
389
382
387
390
401
407
397
422
433
438
455
463
473
460
449
456
420
424
430
426
405
408
409
410
419
417
411
418
416
402
400
403
412
398
396
399
404
406
413
442
428
421
427
451
461
444
462
490
479
481
471
478
468
454
447
440
415
414
432
446
459
450
465
475
488
520
509
502
498
510
503
504
516
523
538
532
545
549
546
550
555
585
583
574
582
567
544
528
525
537
524
522
527
543
571
572
553
559
573
581
604
606
593
592
595
608
602
620
623
625
635
643
656
658
677
682
687
663
670
676
674
668
647
616
637
615
629
632
664
667
708
716
723
731
730
727
749
750
746
741
742
752
751
728
724
702
694
696
703
715
717
714
711
712
729
744
753
767
771
775
783
782
764
756
781
780
770
763
762
766
748
740
726
710
700
689
701
693
673
662
654
686
666
669
684
661
657
681
675
660
644
641
619
634
627
645
655
680
685
679
671
678
688
709
705
706
690
732
743
739
722
698
691
692
713
707
699
695
721
720
719
733
757
759
768
737
754
755
774
773
777
779
776
758
765
760
772
778
769
738
747
761
745
736
718
735
734
725
697
704
683
672
665
659
652
648
611
626
638
640
624
596
594
597
598
590
612
613
599
617
607
603
591
609
622
621
628
649
651
636
646
653
633
630
600
601
614
605
631
639
650
642
618
610
589
575
565
570
577
558
542
494
496
497
514
493
489
480
474
487
476
464
448
437
434
441
435
439
431
457
467
469
470
501
507
505
521
536
535
541
556
584
587
564
563
566
578
588
557
547
540
539
561
569
579
562
554
534
530
551
586
580
576
568
560
548
526
533
499
511
506
517
512
508
531
552
529
519
518
513
515
500
491
483
477
495
492
486
485
484
482
472
452
458
466
453
443
425
423
445
436
429
395
384
363
352
356
359
343
313
305
302
294
317
319
299
306
307
300
290
293
291
286
278
273
276
277
289
266
270
242
235
215
216
236
239
246
255
248
231
230
205
204
222
227
249
274
267
256
243
224
208
202
187
184
196
195
175
180
186
185
172
155
160
153
127
115
123
147
139
146
125
117
110
100
107
111
136
156
162
151
120
116
112
105
108
102
89
74
77
48
39
63
95
98
83
76
58
53
47
65
94
81
70
80
97
88
56
52
49
25
15
-1
EOF
