NAME : ch150sol
COMMENT : Length 7798
TYPE : TOUR
DIMENSION : 150
TOUR_SECTION
1
98
103
82
95
107
5
100
143
97
18
142
85
132
50
135
58
55
65
141
29
86
108
70
137
102
114
99
19
2
37
6
28
9
42
120
139
47
110
81
25
20
51
109
43
116
101
41
57
39
69
127
118
53
12
24
40
36
61
11
148
130
17
66
140
60
117
27
31
123
74
13
106
91
119
68
128
4
104
22
149
125
62
3
94
121
88
79
59
16
133
122
14
80
15
78
21
150
115
44
71
45
64
112
136
72
145
144
129
147
49
23
67
38
32
131
77
134
138
54
46
90
83
75
26
146
56
92
105
111
52
96
35
93
126
33
124
7
84
30
8
89
10
113
63
48
73
76
34
87
-1
EOF
