NAME : d1291sol
COMMENT : Length 65971
TYPE : TOUR
DIMENSION : 1291
TOUR_SECTION
1
2
3
4
5
6
7
8
9
10
11
12
13
14
15
299
261
262
263
300
382
381
301
264
265
266
267
302
380
379
303
268
269
270
271
272
273
274
275
276
277
278
279
280
281
282
283
284
285
286
287
288
289
313
369
312
370
311
371
310
372
368
367
314
290
291
292
293
294
295
296
297
298
318
317
316
315
366
365
388
383
384
385
362
363
364
319
320
321
322
1228
1229
1230
1231
1232
1233
326
359
325
360
324
323
361
386
475
489
476
490
520
519
518
477
474
451
450
427
422
398
397
396
399
421
428
449
452
473
478
517
545
524
523
546
555
576
581
601
580
577
554
547
522
521
548
553
578
579
602
552
551
497
498
492
491
357
328
356
329
330
355
354
331
353
332
352
333
334
351
350
335
349
336
348
337
1255
1254
1253
1252
1251
1250
1249
1248
1247
1246
1245
1244
1243
1242
1241
1240
1239
1238
1237
1236
1235
1234
327
358
387
426
425
424
423
494
493
495
496
550
549
342
343
344
341
340
345
339
346
347
338
1256
1257
1258
1259
1260
1261
1262
1263
1264
1265
1266
1267
1268
1269
1270
1271
1272
1273
1274
1275
1276
1277
1278
1279
1280
1281
1282
1283
1284
1285
1286
1287
1288
1289
1290
1291
631
630
629
628
627
626
625
670
716
671
717
718
672
673
719
674
720
721
675
676
722
677
723
724
678
679
725
680
726
727
681
636
635
634
633
632
864
863
931
930
1023
1024
1066
1113
1114
1192
1212
1211
1210
1209
1196
1197
1198
1199
1200
1201
1202
1203
1204
1205
1206
1207
1208
1227
1226
1225
1224
1223
1222
1221
1220
1219
1218
1217
1216
1215
1193
1067
1027
1016
992
956
907
862
836
786
776
775
777
778
779
774
773
772
771
770
769
768
767
766
816
813
789
790
812
817
909
908
1028
1068
1139
1140
1194
1195
1191
1168
1167
1141
1138
1115
1112
1089
1090
1111
1116
1137
1142
1166
1169
1190
1165
1170
1189
1188
1171
1164
1144
1135
1118
1117
1136
1143
1110
1109
1092
1087
1070
1069
1088
1091
1031
1046
1049
1065
1071
1086
1093
1108
1119
1134
1145
1163
1172
1187
1146
1162
1173
1186
1185
1174
1161
1147
1132
1121
1106
1095
1094
1107
1120
1133
1072
1085
1084
1073
1063
1051
1050
1064
1032
1045
1044
1033
1009
997
987
975
970
959
949
938
923
916
900
893
892
901
915
924
870
881
880
871
853
842
841
854
794
807
821
834
833
822
806
795
753
754
755
756
757
758
759
784
792
810
819
783
809
838
857
858
866
885
867
884
889
904
912
888
905
911
928
933
954
927
934
953
952
935
926
913
903
890
883
868
856
839
793
808
820
835
840
855
869
882
891
902
914
925
936
951
957
972
973
937
950
958
971
974
988
996
1010
989
995
1011
990
994
1012
1014
1018
1019
1021
1026
1030
1047
1048
1022
1025
1029
1020
1017
1015
1013
993
932
929
910
906
955
991
887
886
865
859
818
811
791
785
760
781
762
761
780
763
764
765
782
788
815
837
860
861
814
787
637
638
639
640
641
686
685
684
683
682
728
729
730
731
715
732
733
714
687
669
642
624
623
643
668
688
713
734
689
712
735
736
711
690
666
645
644
667
603
622
621
604
600
599
605
618
619
620
646
665
691
710
737
738
709
692
664
647
648
663
693
708
739
740
707
694
662
649
617
606
597
584
583
598
582
575
556
557
574
573
558
543
526
525
544
516
515
480
471
472
479
448
453
454
447
430
419
420
429
400
395
394
401
403
417
432
402
418
431
446
455
470
445
456
469
482
481
514
527
513
528
541
542
559
572
560
571
561
540
529
512
501
499
500
502
511
530
539
562
595
586
585
596
616
650
661
695
706
741
742
705
696
660
651
615
607
614
652
659
697
704
743
744
703
698
658
653
613
608
593
588
587
594
563
570
569
564
537
538
503
510
531
532
509
504
486
485
484
483
468
457
444
433
416
404
373
309
308
374
307
375
376
306
305
377
304
378
392
407
393
406
414
435
405
415
434
443
458
467
442
459
466
465
460
441
436
413
408
389
391
390
410
411
409
412
437
440
487
464
461
438
439
462
463
488
592
589
568
565
536
533
508
505
506
507
534
535
566
567
590
591
610
611
655
656
657
654
612
609
699
702
745
746
701
700
747
748
749
799
802
826
829
846
849
875
878
895
898
918
921
942
945
963
966
979
983
1001
1000
984
978
967
962
946
947
961
968
977
985
999
1006
1007
1005
1003
1004
1038
1039
1056
1058
1078
1079
1100
230
229
216
215
214
213
1057
212
184
185
186
187
188
189
206
207
208
209
210
211
202
203
204
205
190
191
192
193
194
195
196
197
198
199
200
201
226
225
224
223
222
221
220
219
218
217
228
234
227
235
244
243
236
245
252
253
260
259
254
251
246
242
237
233
232
238
241
247
250
255
258
257
256
249
248
240
239
231
1155
1154
1153
1101
1126
1127
1152
1156
1179
1180
1214
1213
1181
1178
1157
1151
1128
1125
1102
1103
1124
1129
1150
1159
1149
1130
1123
1104
1105
1122
1131
1148
1160
1175
1184
1183
1176
1182
1177
1158
1099
1080
1077
1059
1055
1040
1037
1076
1081
1098
1060
1054
1041
1036
1035
1042
1053
1061
1075
1082
1097
1096
1083
1074
1062
1052
1043
1034
1008
998
986
976
969
960
948
939
922
917
899
940
941
874
850
845
830
825
803
798
797
804
824
831
844
851
873
894
879
872
852
843
832
823
805
796
752
751
750
800
801
827
828
847
848
876
877
896
897
919
920
943
944
964
965
980
982
1002
981
183
182
181
180
179
178
177
176
175
174
173
172
171
170
169
168
167
166
165
164
163
162
161
160
159
158
157
156
155
128
129
130
154
153
152
151
131
132
133
134
135
136
137
150
149
148
147
146
145
144
143
142
138
139
140
141
114
115
116
117
118
119
120
121
122
123
124
125
126
127
100
101
102
103
104
105
106
107
108
109
110
111
112
113
86
87
88
83
84
85
58
59
60
61
62
63
64
65
66
67
68
75
76
77
78
79
80
81
82
89
90
91
92
93
94
95
96
97
98
99
72
73
74
71
70
69
44
45
46
43
42
41
16
17
18
19
20
21
22
23
24
25
26
33
34
35
36
37
38
39
40
47
48
49
50
51
52
53
54
55
56
57
30
31
32
27
28
29
-1
EOF
