NAME : d15112sol
COMMENT : Length 1908216
TYPE : TOUR
DIMENSION : 15112
TOUR_SECTION
1
3004
3156
8847
7003
10949
714
6170
7610
1166
3707
9208
1894
8557
6158
12377
11665
8464
5441
6941
11045
14514
4909
3540
13536
2839
3787
1012
5963
9823
3743
7398
9553
7824
1424
14019
7122
3240
8372
13114
4842
1423
346
5461
20
9225
14194
12378
11673
9976
5458
13957
6708
13720
13841
11797
10767
14139
732
738
1018
14735
675
14780
511
658
6148
2844
13476
14004
8623
1182
8324
7533
11686
13535
3139
8916
11337
13532
9808
4860
13580
1152
13486
9734
5228
13514
7547
10779
8411
8886
5494
11679
168
2950
4515
9902
9668
3218
12606
6042
11890
2027
25
8582
12150
13819
765
269
10018
9783
13525
1879
956
6109
2506
6108
6107
12293
13705
14191
10256
1185
6075
13881
14458
9121
3098
6286
2061
8893
13146
13559
764
7198
2373
1722
11222
6579
2863
13933
138
6664
3215
99
15005
2542
13569
7436
13888
8630
11707
12063
5618
8570
3513
7304
4081
2470
12583
1388
14076
9762
6765
4674
4389
6878
13516
9737
6067
7456
7355
3350
13388
14419
325
1913
6259
11036
10278
6501
8347
1230
8279
1195
6145
2009
12006
10189
12719
7576
1089
12809
7668
12201
11385
9069
10096
4262
13534
7071
115
11370
3768
11262
9690
4893
13543
14510
5046
1434
14744
2518
7500
317
7587
4544
7168
14803
7323
989
5246
10080
8267
13496
2927
6175
739
681
386
2550
12776
6408
9777
8604
10687
13398
8270
11503
10252
1706
6656
544
9798
7499
2922
3244
12488
14347
13483
5337
3470
10354
6535
14608
1539
9439
5912
13373
8459
8458
2084
1070
13022
11300
3275
6639
2435
6628
4946
9858
3263
12723
682
114
7562
101
7724
406
6184
14486
1889
13934
6551
1153
2825
12967
10968
2001
1316
12490
9936
6130
8618
14172
8159
11207
4835
4082
5336
7839
9775
12783
14121
9811
742
1521
9733
9813
3524
5629
14310
10282
3034
5945
3815
12091
11037
11360
10485
5042
14512
11339
1425
5826
10193
873
615
11604
13491
9643
4431
3888
8643
13907
7188
6204
7672
13777
600
6939
3853
671
4480
10858
4206
13761
676
7125
11335
13067
5233
11800
591
3521
875
9647
6591
11772
10913
13541
8303
12634
1024
11425
11881
358
10296
644
872
1296
10688
11908
1006
8283
110
3668
11459
7525
6621
13076
6157
12355
12981
14795
10245
13794
12996
3708
13231
13408
6680
5061
2014
5017
6637
12611
8276
10211
9282
14576
13242
10424
13392
13077
306
6481
3154
8407
2018
13519
3879
12995
3449
3177
11866
546
13524
3892
10860
6284
451
13866
7074
13045
9749
8833
8534
343
5368
14865
1415
11921
9651
14905
7950
9369
3238
10346
10909
3253
8647
14862
2924
3413
11081
3872
8329
13494
4023
9463
9261
2935
13684
11635
4074
63
3788
8256
10908
8183
432
12391
2985
11355
6302
11905
5258
14936
13014
10986
6328
14660
12896
12390
3239
6994
11344
8180
6654
595
10377
11426
13113
3810
9119
9200
10159
11522
13201
9755
13501
14068
12480
5239
1929
6071
11373
13207
9236
96
2939
14572
13687
9998
4512
868
568
13342
10264
10460
2509
2934
4961
1169
134
104
7243
5760
10028
1897
13902
9766
10307
7364
8200
8776
4375
2538
9466
9362
14715
10455
14253
7965
8468
869
3237
3323
7269
48
7152
3967
733
9190
13623
1883
12174
9822
6634
4955
12501
14020
3030
4516
12007
328
9855
10321
12223
259
6596
13369
10115
13284
9632
13285
13591
4391
13423
4458
452
1087
3629
589
11085
10509
2133
2132
4864
1696
2937
5742
5048
13721
12428
10553
12766
11044
11243
11523
9633
3552
1649
9110
10748
557
7002
11282
4745
11662
13395
1828
6174
8578
14390
3465
735
4199
8771
6676
2855
12731
3636
4427
1824
536
3151
11334
10681
10258
2911
10780
8173
5817
3595
10163
3594
1876
6177
11569
2680
7660
13924
3226
1402
6152
13047
5827
6625
12738
3641
1051
14000
7438
1877
13686
281
13206
7379
221
3236
5845
9184
11340
10269
14500
13272
3111
473
8164
107
3270
3965
14778
11237
10393
10861
541
8201
6449
14081
1854
5849
13816
4055
6287
6117
11712
5554
10255
12146
10172
10859
5811
10238
14082
5604
8265
12061
1048
9953
4532
6445
2236
5259
11185
13667
3405
5016
13526
9792
13500
6663
459
6183
3880
2877
9183
5050
8322
3676
7088
162
6638
15055
474
14740
482
11369
13730
9820
14107
3823
2878
1826
3864
5729
8961
4954
8345
13952
8773
7403
3053
9667
8775
14712
10066
9123
3507
10355
10412
8268
379
13606
3463
4959
4454
15059
2944
9763
5784
10579
10081
9111
13046
13503
8871
9288
7076
10325
4403
4043
10554
2980
165
4121
3919
12629
3455
10381
1013
6078
11626
10566
4850
734
12859
9692
11600
1856
5715
532
13599
10072
5927
13987
11484
2519
2941
3371
4032
14748
8885
1099
12227
6086
10206
375
4963
12405
1190
977
6909
4807
11776
3303
9646
3434
3339
12070
9941
8925
12206
13453
11051
9805
12516
2940
6045
9701
10425
2842
14434
14127
14330
6613
5802
267
12059
12064
10041
12810
4041
14334
9760
6393
3795
2397
10862
384
11333
2526
10672
10107
13401
347
12199
5508
13581
12004
4473
2879
6151
14717
14396
11971
4429
7057
13387
8764
3991
3230
14555
10208
3504
5762
13127
13679
13495
13762
6093
6502
7373
10562
12173
14109
11711
11841
10525
2942
12703
285
39
6271
7375
3804
3152
8171
8199
9800
5202
8639
11031
3372
41
2919
10254
9869
12970
3229
307
12357
9686
2329
3710
6699
8481
8477
6938
503
9293
4067
3829
7475
8429
3088
8888
5923
10229
109
13169
13239
10823
56
5880
97
11739
404
12032
3831
7222
6138
10397
2947
11244
6956
7435
1016
6448
9120
9700
2015
8317
9450
10669
9746
4003
446
8498
2672
6364
1885
3797
6047
14236
10079
14743
10427
4221
13529
395
4930
10277
13151
2559
137
10345
12
12508
11232
12058
10793
12095
14241
12672
15035
9645
11364
338
4732
2507
1827
10224
5329
9140
14573
8625
5213
8907
9993
884
2043
14473
2404
2810
4054
11162
2948
7461
14643
14130
3682
8280
2951
8160
13905
9543
2370
5774
10882
2904
3587
9058
6936
9721
3327
828
5563
1427
4234
9687
11663
5567
8667
16
3
6043
3096
9249
35
1944
1943
9806
3614
12785
11273
6218
3490
14711
3078
10670
14367
7506
1541
11059
6662
13527
8695
14488
13021
12802
2541
12011
3486
14709
2664
11735
1878
4080
14563
2002
8271
6110
3857
9947
9298
11319
12747
3929
2464
6155
14384
11593
2190
7134
11883
13910
11299
6629
6121
4020
1339
12033
2198
9458
14108
13042
11214
11041
483
1199
12399
5405
4321
6162
12258
14523
8163
6160
8263
2120
14459
11168
4756
125
6706
12973
8285
12239
8272
9741
9714
8312
3705
9857
3916
3981
12474
4095
4053
14606
2972
12467
10854
14834
3331
11342
4027
10696
13152
1197
1884
8168
2430
12463
12105
6791
11390
18
14470
10508
9799
4057
8560
2539
3622
8068
13729
9575
10544
3038
12090
9765
1056
13520
7246
11083
4889
431
5230
14294
3983
10441
9906
10703
10694
12976
3363
517
3070
3794
14023
3362
9473
4423
1054
13818
14619
7005
11209
12128
4494
12975
2674
14794
13158
3837
12301
4224
12141
2556
13425
12008
11032
105
5759
6934
5250
6894
10753
2872
3964
9791
8262
11677
8269
13646
2011
11814
13768
8843
10434
5056
5492
5401
8675
1869
7446
2914
10468
737
5224
10314
3585
2936
2075
12888
5649
241
10246
766
12661
3684
2006
2042
11935
9649
3126
2833
11527
14935
1695
6668
2026
10265
2848
13517
10951
4022
10784
862
7545
12778
13663
10511
7882
13927
1281
9695
6541
5059
1714
4918
8456
7887
11713
10741
14908
2837
6197
7750
12598
4738
13531
9391
4820
2156
2616
11170
7558
3162
2955
11632
552
6492
8352
11476
11750
8328
4317
3745
12354
11468
12755
13370
13160
10752
8513
8466
12680
3305
7536
5174
3273
10298
7736
11846
7872
3924
10863
6961
4771
4412
8273
11624
7992
6780
1104
14404
13735
2567
9849
14668
14677
426
3388
10959
14149
1749
6506
5690
5850
12746
10915
7996
14147
2772
14516
12259
4408
10700
11861
8806
726
10248
4527
6523
15000
10157
4289
234
9135
7779
7768
3392
2207
8720
2016
4414
9656
11784
4266
9918
10392
10368
11939
6890
2733
7819
10587
14146
9270
7047
9321
7738
12614
1716
13353
8546
3966
13356
13226
8661
10606
12592
5023
11453
122
11675
13129
1959
4434
10469
5788
2776
5559
12308
5033
3036
14184
13057
610
5484
7072
9425
11465
13249
5161
11391
10833
614
4178
12248
10749
7294
3353
2215
5160
12383
71
14380
1896
13164
6949
4285
13250
10228
10760
8495
11124
14387
13054
7909
8994
11154
11972
1381
1158
13845
1512
11782
8715
7875
10060
3019
10950
10305
6443
14179
10740
1740
11276
8579
2751
11850
7657
13243
13349
8632
4050
7578
8872
13055
12569
7843
14201
6056
1394
4703
3770
2049
11229
9436
3597
4244
2635
5816
5018
8114
14508
7223
9192
13377
1017
2153
13074
5824
11900
14083
6916
2204
14755
14922
4018
13306
12057
7032
4718
1143
1630
11198
11120
59
2200
12435
5568
5481
5660
10389
6512
8984
12627
13068
8403
4242
8756
7920
237
7045
8656
7599
14929
4300
10438
2205
8216
5572
13743
6305
13181
5584
11858
9539
14501
2771
4797
294
4253
2584
8109
10866
7910
10457
10114
7820
11383
11260
13184
6500
5593
3408
14829
8801
3171
3913
14741
1656
1327
7440
9364
7409
7700
14276
7428
9242
7550
7519
2799
6963
12741
7758
12763
11969
4365
934
3642
11915
4373
10982
8733
6806
13372
13075
12218
3733
4754
3979
13940
9262
9530
2347
7451
8396
13337
14189
12379
8483
12607
14407
1666
515
14255
8921
8807
2723
2145
13064
10112
7334
3579
6692
7924
4284
7935
14043
6822
14899
14986
7453
7644
10388
9371
4290
8958
15052
4483
13320
5864
3121
6779
9080
8939
11331
10851
3764
6352
1852
9258
5217
2856
6166
10179
10367
11206
11151
11418
495
10773
12027
10983
9727
301
13331
5163
14193
2975
7667
13863
9708
13504
11879
7537
7809
10880
1789
2181
4274
2185
6292
11439
5469
5386
13182
15042
9173
8721
10338
9266
6507
6299
12745
11916
7632
14221
2583
2862
13522
10173
8399
1106
427
3774
12990
11872
11218
7699
11136
13508
7035
11923
8854
7412
8575
13015
15054
10667
7240
7463
12320
11731
4291
3939
8653
11313
10989
2364
6547
12082
11147
6868
14148
3958
4816
7101
4942
3925
2571
13467
1357
4264
5656
13247
3451
13362
5345
14423
10062
11485
3905
10809
13209
2870
4085
50
7697
10772
2989
13336
10452
1384
1483
11932
10329
2768
7245
6905
12854
8555
13005
9897
4725
8363
13161
2778
13223
7998
1026
13335
3429
3076
909
11870
14295
11322
14499
12617
9661
715
7737
5162
6631
11606
7717
14742
5659
9376
11347
2092
14522
13654
3742
10897
15104
2220
2223
12382
14461
14178
7404
14503
4981
9999
8865
8863
8864
11886
2214
9784
8799
2400
8386
4169
14093
9844
14995
10379
2966
2961
14489
9536
7431
9456
7432
6225
9685
5623
3109
10199
14764
6504
1628
7414
2098
9477
13166
6315
3784
4257
2806
13850
10932
10891
14303
11816
14856
9421
13198
12616
12568
7757
1103
5479
7262
9419
7892
10843
3409
7408
5841
9732
14837
10350
7810
9390
5158
11187
6343
4826
8622
7705
9241
6711
2131
14658
6984
8252
2149
13052
2032
2144
8828
13053
11123
1120
8113
422
4241
2184
4265
12671
8736
2515
6947
304
8649
11930
11477
9417
9730
10058
7197
3889
498
7761
1664
9475
3361
6800
3027
2562
14177
6552
2054
51
6223
13563
3256
8102
4059
5862
11177
5352
15070
5154
13168
1171
9334
9899
9480
12816
9378
13136
4353
8418
3984
13639
5490
13194
2965
9265
14449
11964
13019
5472
4093
6222
493
5968
15111
2678
1842
54
7943
14491
11785
11877
7833
15075
488
1101
4839
3125
2615
366
3781
2222
11791
13944
12245
2194
9126
6962
4094
8587
12860
3412
14765
3952
7542
8229
9415
11110
10374
15045
374
9950
5049
1371
10376
7664
5614
5863
11649
4774
2734
4517
11804
4351
15072
7199
13865
14684
5423
3228
3554
3411
11957
7448
3368
1399
2225
12250
6164
3605
8829
2560
4058
5030
10134
8654
11030
7465
12252
4789
5062
2174
9449
5558
1564
12251
10171
8193
2549
9693
9892
10453
7108
8356
10889
5652
9389
8007
4157
9682
11844
9660
10865
11435
5703
2681
9662
6848
10503
11488
6617
707
3422
2613
6303
7520
713
13941
2599
7781
1570
1037
2188
3756
9052
8547
2051
11807
4783
14059
4349
2646
6987
2645
4283
12889
7708
10251
6960
13191
10545
10731
655
10059
11607
4790
5026
1125
9951
5732
8628
15038
5150
8049
10097
6306
13938
5636
10887
7146
10136
2226
4304
11286
1214
7427
724
597
4258
1469
9895
7764
3807
3799
3971
231
15031
10817
5913
2449
2452
12254
9209
2090
3711
2147
2679
11612
10776
8966
5485
11682
12330
708
333
10839
3639
2047
9654
9370
2169
5592
14186
15092
3655
6818
6810
12571
1640
7399
5365
14103
1121
7746
8908
14979
4736
6782
4805
3210
3844
9772
6623
9796
3619
8457
9880
1698
4829
506
11681
5800
7702
1593
4840
1470
14828
10876
7874
9443
8634
3584
10259
2624
9788
13726
2566
5300
11326
11377
10917
7227
11596
12685
9448
4788
8346
425
4856
11825
6295
712
5096
9847
13082
2218
10383
11113
1708
376
3247
1085
4848
10715
8250
11670
9789
14012
932
12117
7546
1395
120
2055
6062
12904
11979
2973
1338
12498
3249
6301
14506
2112
8780
8849
6851
15112
13020
5092
8909
4827
9322
7055
14275
418
13224
9710
13542
8231
11730
11945
4929
1711
5486
8258
14722
3254
14301
7382
571
10755
12445
8841
586
11990
12263
10810
6646
14180
12515
8867
5379
11656
8957
12267
7709
7024
12115
9722
2603
5753
1014
6191
7745
1335
1321
12514
10463
1266
3778
15057
11458
11197
10930
13175
4176
3845
10758
2022
243
2682
6781
5516
7378
7759
11133
4727
10531
10848
9731
7315
13512
12139
5669
7713
8919
4383
6412
1271
7541
6966
13539
9841
11461
1160
13521
9768
11375
335
13073
4748
6789
9013
13071
5212
13328
11112
2489
787
14682
1485
151
3075
10043
5795
7086
13254
13210
13023
13145
7078
5680
7663
211
11336
1328
12103
562
11457
8364
9917
13038
13480
7603
5094
3607
5861
4791
6812
8148
8161
10084
8445
6607
7952
8003
13366
9461
4292
1881
2601
8874
6190
7147
2182
7593
6256
8339
2805
232
4914
4722
3663
9409
14989
9989
11153
15025
4751
8586
10903
2770
6586
11849
9299
8728
2694
11169
3186
5327
1170
13458
14181
3354
6655
2122
11810
2683
7443
7009
11126
13278
3712
5517
7437
1410
10399
7151
14292
4071
9759
12451
2602
9518
9984
7540
6050
6776
6350
12260
7851
9655
13492
4212
4686
6770
4779
11998
11325
12958
15047
2718
11802
4045
10762
7314
4531
10624
4761
6258
7280
6257
13050
4329
2695
2692
9156
5029
6979
12788
5487
6809
11999
5501
9745
4785
6422
14427
10101
7164
12950
14132
3988
9397
13357
3826
2230
13465
9689
7590
10454
13740
1892
5551
1033
13364
6188
5947
9482
13673
6564
3233
14570
7846
1973
9429
8691
13582
886
4940
8376
6828
11130
2945
13943
3028
6660
2697
8291
2315
10901
6581
14620
9290
1925
14825
4415
12406
2621
4513
13291
9476
12585
3959
4287
5419
12460
8584
11338
5957
10170
4759
8956
2968
1717
10923
3293
5328
8585
13072
3977
14934
6524
7735
4529
12980
13126
10610
7725
4249
569
13540
1442
2177
2564
2048
2639
14657
11238
8544
13538
12421
12110
885
155
6914
6940
2620
10203
7460
9886
12905
11847
3942
12952
129
14953
994
13668
2868
14400
2523
11832
9809
8245
2532
4819
1289
2983
7671
13157
5418
7719
13590
13765
942
4522
6871
2962
10713
4084
74
238
5653
13645
3640
11793
1702
3252
12570
11792
10738
14422
4035
14168
5587
7624
10273
14937
900
11308
4173
12398
12872
4175
7829
11773
14369
4339
11069
12134
5376
3986
13707
11134
8385
14173
83
12331
13479
577
5918
5367
10442
7834
6346
8298
12969
1989
12587
13196
11456
14819
5890
5416
9818
13490
5575
11167
9414
5832
570
2044
4051
9825
608
9613
8361
8884
2021
12840
11511
637
14767
847
11909
11531
14509
4061
1293
9676
12476
9576
10044
14531
12795
8447
12169
5421
3024
5473
12654
1147
12765
8401
13808
13506
9718
5383
3531
5225
8448
3221
4072
14724
457
6392
6391
6394
9835
3616
1280
2963
5598
13537
13013
6575
12504
15039
7087
8805
11779
14463
10717
3960
1587
2077
14257
5830
13493
10272
12942
1080
1734
10086
4065
2410
3941
9879
14692
13706
8310
2517
13589
10292
9852
2693
13698
5464
2303
2546
1063
4716
14496
9050
4068
9324
11505
5470
7508
14003
9161
12653
12863
12792
5745
1157
4713
14256
6351
11906
6341
11491
2836
5198
3341
14749
5019
3757
14136
8368
7503
3779
13122
463
8527
12478
1838
5681
14009
10935
4310
13371
1498
13434
4369
1974
8746
13358
15023
1220
13251
118
3268
3760
6147
8747
6077
10819
11374
429
12350
10337
4367
7771
357
8311
9300
11835
5581
9767
6116
8208
3071
4019
4077
9711
3613
4411
2197
8107
4409
8976
4013
2124
13006
3560
11882
12891
445
11343
277
12694
13528
9797
1081
12559
8640
11822
12273
5860
6811
12993
3735
3508
3176
3272
11911
5499
10243
5812
9946
14696
8831
11183
1312
4962
12938
385
9125
3867
9605
10270
3759
13390
12193
4399
13948
14041
4892
12062
3143
4366
7625
5736
13942
12123
3517
14613
11834
12189
13128
11420
6701
14880
8794
3032
3578
14752
2884
3346
13855
4913
14676
624
12138
12687
1812
13374
5589
8635
4858
8663
12076
9447
14304
15016
2883
11359
11265
4014
5382
1730
3433
13798
8415
6124
786
653
7619
9781
8673
3342
7288
2053
8260
9675
13498
14830
3482
5451
5982
4364
2611
3638
6602
13211
8485
12588
14113
13558
14468
9037
1855
348
14951
2472
3157
6852
3520
6390
3716
9901
12109
14027
8540
2139
12102
7226
11233
3022
3092
964
9115
11107
9735
13515
8424
13573
13891
13892
11103
5495
12939
856
14694
6314
14746
14335
10589
10952
1188
9574
1064
927
8461
5696
5447
484
12972
4679
4705
612
13281
2976
8602
11192
5020
3386
12567
2540
10985
2835
5595
12871
3043
8327
13617
5140
1404
3042
2209
1651
1843
4382
1956
10445
8476
9848
11887
5562
3447
5657
13787
1183
7405
13832
5637
12689
11933
4119
242
9312
8674
3950
5515
2767
9795
9696
7753
8548
1437
14505
8441
3726
4124
4691
6495
2227
9840
2357
9201
11669
12724
10619
12283
4824
175
11384
2912
5722
12477
6037
6310
13511
12334
5564
9315
8922
11328
8651
9203
3938
12794
10495
5344
3576
6214
13112
9134
5183
12520
1882
7752
8025
11213
7594
11842
14171
5257
10099
14866
5387
9729
13167
11436
3072
3762
2860
11934
13510
7890
5139
7748
9267
1744
12691
10842
13120
13378
13228
9570
11775
665
4052
12114
10493
4950
4421
8277
12593
11419
13899
12751
14520
8282
7165
14187
7244
10794
11874
8274
14096
12479
2861
8559
5686
8286
2019
258
14156
12577
14030
6943
501
5321
14471
13509
2847
10499
6641
14123
14469
7712
7286
5561
9277
6813
4404
14192
6089
2890
6371
2687
1916
8292
13579
12513
3250
5537
520
14153
4717
5588
11211
37
4486
5698
7977
13430
4034
2238
9771
14515
9309
2504
4944
8878
855
7422
12951
8266
14101
13452
3234
680
6163
2511
13288
9756
3529
9664
2168
7604
372
7720
519
5502
2025
14089
8484
14747
7739
11474
14105
11400
9216
14521
8264
3161
4996
10573
13381
12321
7454
2089
13618
9738
3813
9618
5493
11380
11208
12069
3485
12120
10581
10456
2035
14579
7627
7522
9278
10856
10067
5417
5510
6648
11867
12392
5620
9829
2943
4301
13820
10327
5886
14796
13200
6473
8167
7267
13533
6915
13300
8020
7287
12610
8284
14629
9171
5624
564
4318
13982
1291
3940
14950
14196
11201
8278
13172
5700
13171
8281
10177
8648
7684
7023
441
5777
11749
13875
9106
13225
8144
716
3564
4011
13815
3313
11985
12580
14097
13315
13871
11988
10198
13786
14533
2127
12014
13274
14904
8597
2128
11432
4183
3824
420
3308
9234
7349
7946
871
1416
7826
15106
11086
6057
11896
6150
3212
6640
3631
12534
11563
4419
11926
11500
11088
5776
9295
8353
3703
4432
5638
10290
5013
9286
1704
6233
13864
3803
11186
10217
13230
14683
3806
13199
14963
528
6091
11898
4459
492
5420
9365
14618
8770
81
10335
2361
11658
7348
6626
1294
4428
8531
9928
8228
12767
10088
13903
9794
11499
112
12847
10144
1493
12858
6167
9478
12107
10212
6054
14556
9230
8646
12679
6673
80
10668
477
10214
3464
7611
3963
7321
8185
11722
13140
4991
10261
500
12941
8729
10266
11052
8613
224
6917
9827
13066
2671
784
9327
549
14467
14714
14464
3420
448
10743
5172
5011
11549
1100
4374
24
10166
11424
14897
10804
7385
1429
13078
3955
415
2717
435
5851
11082
4424
6992
1315
10472
13652
7014
10742
7027
12609
7970
8567
3428
10966
1743
271
1096
14266
9531
12697
13778
1825
1421
9238
13851
10841
13827
14944
11155
10395
12613
11215
13147
2512
9422
14582
9832
13118
4179
12999
13286
4941
9264
12125
240
12106
12121
12907
8940
10280
14291
7703
13724
8772
10353
13882
3565
13154
6165
10315
11748
14086
268
9311
12808
10559
10366
3417
14450
3793
3718
9301
10567
13852
558
14859
13361
3489
8398
1639
8950
2871
7266
6127
6647
14090
12328
3167
874
1244
5144
9129
5346
2892
4078
8619
8620
4159
6051
4953
2202
10479
11766
6650
13750
12522
6543
3220
7205
10990
14569
6644
10492
13270
6482
9307
3300
12524
4425
12113
10143
3357
8104
11868
6998
14106
8221
3667
5650
3922
5006
13685
494
10185
11863
84
10462
1151
10341
13624
5153
9202
6959
2901
9235
3356
5651
13755
10431
5118
14100
1257
141
9931
3183
222
1015
1095
12297
2369
9260
10306
7554
13622
5785
7239
340
13561
6483
6115
12964
10444
326
3693
11838
3474
12083
2846
3195
11038
11839
5797
6383
2023
13115
8357
10806
5924
14754
1849
2816
8115
10148
12319
1707
11040
3325
10113
5398
1002
7310
10297
10244
14940
7484
10805
10205
12415
9532
2442
6100
6527
11455
556
13117
5223
7467
5505
11234
9
1189
6635
12353
9310
10276
302
8605
9669
8877
13723
4765
6149
3852
1040
2946
8968
2083
3050
14386
7679
5437
6977
12612
1445
5674
13945
6615
2395
2513
937
6611
4471
1005
8840
3702
161
5615
11311
1927
6405
8
4012
11212
5289
13139
13229
10422
2992
36
10947
14218
11179
13001
2270
8752
7396
10135
12458
8709
2660
11704
10673
2028
9049
1025
3344
5744
3091
14188
13330
8261
8423
5298
14370
508
14026
9919
5032
8393
8918
14040
136
8727
8694
5122
1306
13025
12152
1355
2076
2949
166
9559
7224
1184
5455
3140
7529
14314
1251
15094
13680
14208
1534
40
534
5962
15095
7366
11178
2000
6402
6989
1870
7636
4894
10967
9933
2809
5045
14600
262
5921
4197
111
4925
4917
5216
7530
2530
5699
8127
329
3505
8665
14664
15010
2552
15050
12991
553
8383
12489
701
9459
5474
4104
8973
5297
5445
4066
12725
7556
1444
7979
14094
9019
286
751
12318
9891
9057
1107
1724
1474
5925
14360
941
2700
3064
7401
10686
468
9062
5922
9104
13468
1340
1337
1045
8487
9042
2720
5837
7346
11191
14346
14466
9038
7675
3242
9188
6016
4392
673
4336
5839
13352
2056
6330
5260
1409
9935
2831
8723
9030
4337
12483
7756
3188
12566
3189
8542
2434
6997
4420
11043
4684
9619
13499
2394
9207
7629
12710
11904
1428
12404
10948
8151
7685
4040
12910
3468
10042
3329
761
10846
2852
7760
10370
32
13956
10775
1476
7985
140
14233
13552
12015
14599
10934
14145
7029
14586
12072
7711
6630
462
12535
14840
7940
9821
7606
3090
1757
9887
9176
10267
13849
13518
1658
14779
13629
12963
3850
3491
8927
9782
11279
8563
12067
8564
4721
8165
12962
9980
555
2034
170
14158
11371
1050
290
491
6360
4863
12549
2828
11441
3287
12998
7634
6092
8932
12066
13880
2675
4132
7218
3974
345
672
2363
578
8842
4854
3865
1511
5348
3299
11770
12949
3048
11498
10055
13785
1255
4259
13455
5679
10357
14290
9607
6665
5928
11798
123
5201
14949
98
14126
1305
2436
10093
1163
3704
9658
14250
6926
2374
214
103
6560
13813
10933
8019
7037
8669
8254
12170
7036
2569
5407
2841
13596
9778
11483
13007
465
1232
6146
3654
990
8224
55
3227
9816
4690
12726
8926
10343
5545
8915
6120
940
13
13502
14142
2864
13497
9008
3258
5311
3539
7528
6661
9011
3996
13885
1137
1461
3265
7916
3699
12312
6111
14895
10253
4876
2150
1622
9573
7630
12071
8326
3995
6622
6195
3214
12971
7247
12771
9665
14903
7075
13409
5072
3589
1821
4390
2432
11404
5728
957
6895
9926
6135
7365
6103
5566
4229
3289
7633
13858
13874
13708
8100
9793
13753
1265
1454
3261
9446
1987
9602
11430
3518
8026
3209
5617
12147
4062
6769
1353
8203
11553
12538
9280
11729
10085
11568
8960
3675
5010
4129
9548
3097
2280
27
8371
4519
13883
11734
6529
14155
7991
8537
12994
6479
11467
6173
13664
14969
8205
5435
743
9865
533
3512
8510
13282
3697
6686
10215
8509
893
10825
13901
13421
13783
1607
3196
11469
2531
8959
11833
7569
11471
5576
11049
10563
12073
13709
4786
11466
12965
10605
3754
8478
6112
3205
8301
13178
9824
13781
9554
9220
15087
2285
5478
10900
3437
10003
1529
11938
5910
5268
10153
11902
7357
9968
5644
10373
5691
3628
10194
11893
6420
14550
14035
9975
14214
13088
7471
9653
14022
13058
7026
13340
4951
7034
13873
8787
12464
11119
13180
3467
11101
7975
11777
10385
1694
13004
1052
5296
1939
1131
8991
8406
5468
7988
5645
10716
1165
11920
9274
2062
3969
8178
2444
6133
4101
13133
5616
2457
8048
4405
5955
8491
3336
11264
8778
14631
153
1463
11100
5205
9697
12180
7640
14551
9659
11210
8141
12366
6694
5553
13620
5443
9850
8713
14084
443
6550
12305
1823
11660
5375
5996
9713
14402
12486
1863
5431
9704
5007
4505
1023
6688
8370
8313
12400
5688
5359
1669
14120
8760
8500
6693
5339
883
11840
705
8633
9773
12360
10089
12359
5952
6060
12144
6427
7928
1718
9870
10874
11855
2097
8428
10754
2422
6246
719
7538
19
10813
9874
7693
2783
12635
12425
8378
9631
490
13833
9817
1537
11809
14143
9400
9703
5057
9420
9739
12420
13485
3501
11724
10707
12601
2481
870
9744
186
6378
14603
8891
9702
9401
3798
5687
3450
229
9588
6011
13273
631
3652
4970
13749
10348
693
4911
13906
412
3562
1574
7980
1084
3222
14240
14797
2888
12347
14700
9098
12673
8716
9360
881
8944
9932
3912
8340
8789
1285
12774
6102
3670
13800
3320
3207
5108
5677
3910
3599
3911
1196
888
2654
5610
14611
3017
2688
8533
887
3690
2558
8759
14371
1083
4924
8717
10045
1186
5083
2974
188
8023
4928
4128
2487
2275
13437
14141
3766
6927
13482
3830
12016
14710
12974
3198
12539
127
324
6577
2545
3561
9636
4921
3557
8755
5771
9934
6798
1383
14804
1961
7358
7987
3021
5438
5410
7510
8708
11080
3812
4455
8802
1807
10836
7841
7559
995
182
15109
4668
4049
1204
12798
11047
10286
12209
1191
8853
11357
8659
9640
10890
4660
3522
3598
1745
10087
5697
1758
611
8568
3219
908
5543
12302
2840
13837
15108
9275
9006
1241
12104
11931
7888
12518
10835
3203
62
9856
9012
5255
4919
9924
9124
1236
11667
3132
8795
3400
7807
8811
6685
342
11876
5726
13894
5126
7236
9276
1960
2984
3696
2166
8689
3288
6849
11189
4742
8598
14114
11389
6783
7511
8094
14713
3259
9742
8687
3112
2288
5334
7615
8521
1139
11497
7523
13831
14079
11317
9221
5307
14478
5354
12468
1318
11897
6786
1200
14355
3666
3961
7161
8686
323
4752
5024
12272
6349
6452
4163
6300
5741
4308
8162
449
5012
9423
12961
6817
4804
4775
12797
6801
8166
11152
11172
3213
8887
545
11614
4669
2466
4673
8522
2521
5574
9830
8846
9925
674
8169
11944
9379
6433
9345
266
5093
9109
1818
5101
11142
5194
3264
7445
11259
7813
4831
3989
7866
13784
640
6308
3555
14455
3600
10151
10778
7960
9142
4002
11054
3469
2030
8636
518
9804
14941
12410
11813
12683
663
1618
1278
3664
4467
3932
5670
6513
1938
9997
4167
10706
2882
9343
12021
7498
6063
7734
8896
14695
10837
3563
9344
14699
11266
3709
634
11125
10407
3483
2068
10912
4830
8817
4000
5937
2874
10620
157
12639
7971
14377
1203
5773
8642
5444
4477
12409
2969
535
7339
5565
4117
7830
6036
7462
2079
9638
14075
3739
604
9831
7167
6958
662
6528
5758
7783
12960
12074
12690
3291
3623
9101
2742
7395
2917
3284
2324
14169
1968
4514
4662
8978
13310
8946
7933
9509
9979
2455
12286
5008
13414
11605
10150
13636
14759
11554
3908
12557
9637
3182
6326
12576
1868
9356
391
6143
9913
3127
13919
1922
13775
5301
12060
3324
9639
6764
9358
12439
15060
8750
5164
3909
1414
4134
8170
5682
1292
11410
3556
10756
8705
6536
7142
5203
9428
3216
4158
13847
14129
12284
1671
6024
9077
5009
7962
9748
9426
3530
1275
11928
2867
1039
154
2634
3044
10785
659
11768
6590
14452
13049
6085
5838
4
6025
8814
11725
2029
6388
576
11854
9097
13567
4417
13878
11895
1655
14388
12457
7706
7926
14115
14134
14128
11433
13683
1134
8480
8467
9273
13839
3062
4971
3129
4875
513
7811
5920
2525
239
5363
5069
9384
6059
8745
2690
6169
1127
4138
14532
14340
14585
5460
12603
10464
10944
13870
12184
3999
6007
14356
9779
3118
10816
2764
1726
5014
2528
12348
1287
588
12658
356
3302
2524
14540
1991
3155
1754
7770
12674
11514
5751
3445
9440
9785
9526
14528
5934
13817
14931
9323
5373
5717
4793
12793
9527
7563
9528
2416
8341
2229
9381
1149
183
6643
1615
9388
3695
14243
10864
14431
13835
9614
11443
3052
5422
12349
11547
13363
7953
9281
8808
3181
10092
11202
6923
3643
1041
6562
9546
13650
7126
9346
5332
6028
12813
3310
7457
2802
8506
3108
9481
6319
6139
133
720
13419
185
5538
14833
2
11203
12393
8754
5374
11780
6379
1329
9073
8365
15086
3374
632
6021
9939
14309
2981
396
2705
9549
6561
1091
1256
4256
7884
12037
6320
12657
839
9652
5609
11129
2644
4056
10196
6681
2748
2588
5642
1144
1076
5798
13926
9673
1531
3985
6525
1610
943
9031
7068
9056
5734
11576
6497
3937
2326
13586
11914
5735
13451
5979
8796
11585
10879
1833
1538
10969
7881
6423
5701
13441
8213
1007
7019
4920
6986
1008
13469
486
144
11853
14773
3499
2386
12735
12706
8405
2341
11634
13429
9453
9810
9061
13896
11507
1277
8897
7028
6375
2824
12176
1937
13904
5520
12262
2534
11946
4109
9990
9726
9413
14593
5361
9520
7487
9519
745
1992
2402
9210
9034
14961
13564
14088
12054
1342
10124
8206
11759
8608
6066
7376
8931
4760
6440
8389
1146
2441
8426
12700
12257
9717
4447
3040
12118
12509
10295
4131
9994
7308
11567
8177
12234
12235
11778
2952
7803
1193
8972
3549
3340
8176
7307
14543
688
8535
11182
6040
4344
2785
10289
5457
12521
936
1250
399
9508
4144
1813
1057
2747
11508
5265
2589
5306
12133
3574
946
13177
3194
2439
6884
13351
6993
9257
10300
8610
14615
2008
13625
4352
1098
4384
6612
7934
7157
13269
12628
10769
7936
6168
8758
7976
7021
6784
5684
5661
13797
5960
12787
14165
10997
1513
1986
11885
14800
2461
5263
2529
6627
8174
11173
9982
952
10764
14793
11236
11799
3944
5415
6931
6531
14166
7449
12225
12122
3998
8465
11573
5903
13204
11066
8934
319
9411
10349
1030
1921
6877
5969
11050
8172
1866
7860
10262
7631
12075
3147
13176
4343
1192
9462
8850
5220
1667
4231
5888
7497
12530
5191
954
1873
7342
15018
7040
13457
6480
11307
967
2666
8093
7784
8714
314
3591
12499
5184
8331
10870
1331
10125
949
11166
6425
14836
1201
3786
10832
8561
275
9181
7237
6522
7238
12395
9942
8962
13544
5358
10787
6882
13237
8541
9355
9635
14832
12112
706
12448
2527
9451
7844
5222
9720
12449
12155
4286
7527
9469
7201
1928
7564
5003
297
10241
13884
11661
13083
8784
5548
8641
7793
13601
3271
1865
939
3081
1767
8520
12299
9029
2908
9017
2648
2157
3407
4090
14117
13560
6842
8125
4122
13789
14577
12881
12883
6132
4123
3095
11611
13418
1791
2894
13917
2498
5168
4481
14537
10344
4136
9432
9758
7524
8818
9790
2474
9445
5942
565
1162
1738
11544
139
10561
1983
4487
14945
3191
1995
1765
10877
978
6610
864
3569
14665
310
10002
8244
10333
13442
3224
14956
7794
8856
1654
6572
6719
3285
12243
11118
5560
2500
8990
14958
9987
10484
526
5994
7033
14223
10677
3031
4127
9471
6470
8369
6083
6082
13344
2252
12936
11647
3328
9814
9455
14782
8524
6144
1279
1309
11111
1222
14446
9470
5312
3487
10372
5132
7350
8343
9764
8486
9836
5082
2881
312
14098
3519
11710
9180
7618
6035
6447
12324
2345
11678
5449
7062
8938
9437
13578
865
6039
3452
14686
1672
9839
1148
8855
9973
5063
12791
14382
2587
184
10550
6171
8469
8606
2880
3274
3484
5895
10182
11642
3200
9487
5671
1783
1993
12412
8532
6041
9624
5939
7183
1514
1224
13897
331
4009
11309
6976
858
3954
7343
9393
9684
8965
1114
11149
13860
6555
3997
13420
58
10483
2328
2267
12323
11269
3307
10873
12298
7747
442
5309
6587
6172
10906
2274
9969
6309
3145
15098
332
10330
13550
2059
1073
7098
7532
9435
14036
7486
2243
8489
10313
6614
8207
3373
8069
7791
3009
8337
12874
10540
10320
14033
1647
4755
4966
8332
13445
6568
7614
5531
5148
8096
4744
5266
14612
14609
8904
1343
1891
9725
4342
12275
10549
11255
3545
14144
6790
9974
9141
10988
9992
11310
527
11672
5058
6563
12586
2251
3286
3488
14453
13450
5756
2301
1565
12303
13341
8899
378
11139
14626
5940
42
14552
7054
14454
837
10435
1412
857
8859
14206
6690
9533
5500
2738
8551
9617
10604
5514
6385
2796
6156
7617
10875
14587
3792
12045
12363
5724
85
5143
6674
7817
226
6373
11003
1010
12985
1575
14124
3232
6029
1840
14327
9408
146
1532
6965
11006
605
8374
13771
13484
1816
6469
11557
13648
9306
1727
11353
5227
13834
9373
7701
2335
7871
9863
3276
10921
12414
13872
9483
9853
9382
2354
9672
11633
6942
636
4430
2412
8360
10774
6569
5264
12531
14078
6549
5236
7468
13692
14224
7421
405
5813
12338
26
540
8943
7818
8883
2555
394
9677
3208
6374
5218
13556
8323
3369
6361
5073
14983
2798
3861
6520
11199
1617
6356
2797
3590
1802
8703
10304
8986
7010
4037
3023
7056
14219
13188
8462
9341
7123
10324
11492
7191
9859
7978
6903
2465
845
6580
14197
9332
13557
6387
8858
14763
14590
13853
9386
7596
11378
6556
10414
8499
3877
4105
8894
6384
7921
1794
150
9680
9545
9339
7091
5064
8490
8790
1159
8137
8800
2007
14445
8822
13318
10433
1249
1766
6357
6881
6106
14627
7369
4482
1923
8860
7496
1082
373
8128
5667
10978
14118
8753
8359
3349
6678
13734
11035
953
14071
1742
3854
4172
14016
2003
4255
573
603
11007
1803
5095
7721
351
8450
10940
362
8416
5125
1528
2953
2336
7295
6022
9712
12856
9769
7861
10342
5965
14535
7213
9815
3366
10239
2020
1957
9457
4879
9723
2641
10872
9740
4106
14998
9988
3532
11332
2979
6567
444
14567
1907
6642
10970
3495
5668
8404
3277
7063
3596
5190
14392
14283
14561
10471
5084
1729
1260
9406
9894
5573
5601
9679
551
2070
6576
14701
9715
1276
5404
9041
13936
12042
1128
12903
10746
9468
12249
2808
13551
9403
5142
10557
14733
5112
10747
2497
8300
5511
11379
4225
8238
8235
7187
3080
12315
2358
14659
1697
12646
4764
6793
11408
13134
6179
2087
8989
181
12314
5720
5603
6403
14630
6061
10704
2849
2414
12364
13655
8732
9694
9577
10607
12285
8358
5151
12708
3669
14091
3385
9444
5370
9921
7716
8797
773
12636
14628
8757
5884
9383
9674
2337
2129
3832
5958
6006
14133
2619
9752
12212
12408
472
6974
1205
5489
3235
11306
9464
7972
6065
8232
2957
2425
3970
1011
2698
9845
12135
6516
9650
9368
5022
3994
14614
2240
10035
12517
1652
8577
9516
3790
3395
6540
2342
587
880
12959
8616
2486
8967
5721
15024
14225
439
6339
3049
9196
12394
5613
14167
976
11566
9474
13598
13554
6907
7340
11014
1763
3497
1542
6409
10476
8130
2258
5628
6471
11440
3169
8574
9893
1492
489
7792
9537
14391
6573
6431
6064
2636
9555
1268
691
13585
11551
9375
2296
14408
6697
7512
12684
10770
13796
8712
1001
7780
3217
11005
3086
11889
408
8879
12507
407
3928
158
14604
14598
6161
10811
1398
2031
12545
8202
11556
11352
11394
616
1756
1198
10249
15063
14210
466
5980
9864
3907
3968
11395
1247
8890
14119
13984
13830
13867
14566
2706
11405
7501
4007
4551
7434
4910
5133
4938
12470
1668
2271
12503
11942
13909
5459
2889
12154
12882
2346
2629
12247
2458
1728
10219
9842
11552
10165
10852
10916
9467
9833
10971
14150
1578
2632
6499
550
9666
8222
9707
13313
9402
7984
11601
14230
12886
7877
14087
5299
2514
7557
8970
1874
1145
10404
9826
5919
10972
1093
9681
8626
6494
6847
14015
12743
1733
4937
7534
5902
3957
11676
2191
11659
744
7444
5654
5964
6186
12602
13530
5310
9551
3211
4260
9051
4139
4743
5320
11434
14932
12707
2744
9678
14306
13913
1113
1234
11510
14231
4867
3059
5004
5512
8543
1411
9361
9641
3347
7260
428
14693
2743
7828
7896
11304
3199
12799
960
7426
11314
6338
4982
6920
1646
5043
108
2749
5005
628
5128
9529
178
12704
11689
5702
14211
8882
3672
11354
9671
12668
11143
174
3568
5380
256
8562
9834
13802
1112
14578
8812
1585
4100
6140
7175
5579
469
8321
8900
5204
14412
8482
9525
4969
3943
13488
9589
1455
6618
7406
3729
14160
9271
8707
8992
11281
8175
8011
478
12866
7806
7278
8711
5333
4111
12441
8198
2978
13733
10625
6182
6080
12675
5381
1814
12215
11305
14637
1314
3351
3814
3588
1258
8786
3765
5119
6498
13912
5748
8629
11709
12711
8749
3057
12214
3473
3927
12705
2460
6508
3074
12055
4832
5453
9272
8813
12352
7129
9070
5594
6667
7674
3503
471
2774
9970
1053
4912
7852
14622
8236
8420
6599
8052
5067
10644
6009
7248
1046
9871
7613
12450
2060
14288
10931
4958
14821
14861
12148
4089
3192
1673
11637
4995
5452
14379
12560
5206
13621
5318
10737
3246
8538
5597
7423
7727
2685
8751
11256
10565
896
4499
6313
13232
7863
3241
6008
3956
3871
12271
13854
5356
14017
9410
14064
1837
12078
9074
13772
12838
3982
6585
13428
14061
4223
7083
6838
897
3150
6376
10795
6187
1391
11000
10657
1559
12932
12589
13757
4553
9862
8528
14383
9167
11008
11512
11524
9944
12913
12044
10592
560
6193
9579
7335
9160
3294
10037
4016
14480
3934
8475
13404
5944
11087
3144
7312
14433
6194
14548
4248
13436
4083
5052
3172
3159
8072
8525
7858
867
5178
6727
12644
4561
6044
7331
5536
2650
14385
5105
4063
7669
7390
13192
352
3800
3685
914
12525
11643
5954
6074
5738
3160
11489
4498
233
7332
9587
12718
5990
11997
11275
5245
8889
454
9580
12278
9966
5066
2793
8061
12292
9606
1235
2162
7589
5277
64
4076
13626
5293
10918
8290
2709
11699
6026
14315
5097
14888
12487
6192
11015
6558
4472
6548
13244
13671
8690
7038
6333
8388
2813
9303
14527
7103
9239
8710
11004
6410
177
13712
2544
1606
9705
2818
8857
3322
3990
4145
5521
10788
9903
2334
2121
5488
1393
14644
2710
8071
13946
14293
1047
1459
13487
6398
5933
12163
6180
8941
225
14280
5518
10352
9172
763
5400
3777
8460
14401
14284
5085
70
2754
12294
3383
13081
7325
10011
4152
7786
619
646
5619
2553
606
4017
4993
7670
13062
8536
10783
13748
8505
365
2928
1254
1019
6578
9595
8470
7929
7491
3321
10582
684
1117
3946
5873
12715
7957
2543
2109
741
13609
4316
2171
13406
9164
12000
2964
14073
12956
8134
12345
8446
12068
12915
57
3175
460
12599
14484
7765
10204
1591
12782
12826
10628
10236
13983
13411
2491
5606
8607
1930
12237
79
585
8103
11099
10449
638
7927
5590
1953
11175
6669
6017
8028
10504
3315
10665
13788
727
6633
790
13604
3678
835
5413
10815
3389
2755
816
2735
2493
2459
14375
7652
2291
9170
143
11064
1636
13900
14352
7997
5167
10008
1303
963
10023
1495
10597
7653
12759
6010
8289
1792
12760
590
8439
1550
5053
14313
12526
3185
5456
652
13699
6380
2614
1361
12727
9486
8237
11715
8063
642
817
3387
53
5547
1899
5284
499
6020
630
12558
14259
3948
11261
3878
12222
14860
5866
5197
12984
11145
635
822
8523
7514
10406
380
5571
890
7850
8059
10423
9584
7518
8387
12584
9505
9754
5392
5541
9430
14417
14702
11481
507
4997
10814
7581
7367
1248
3333
6069
7865
9496
8257
746
2727
5278
11246
5249
12159
13993
1931
5999
5998
5189
3391
3870
4978
10962
4985
3609
12667
12801
9313
7857
1906
3318
12098
11150
4126
4492
68
1443
5692
2999
4972
1028
14596
5074
14483
14050
2040
6181
7425
5111
2005
13449
1800
14028
9502
34
2126
4965
3296
5708
11651
3067
12733
4616
12551
9753
8053
14663
5109
2353
14320
13812
11961
5117
6311
1581
2502
9133
11622
2246
3401
8402
8051
9075
8444
13008
11105
11240
75
1223
10560
4115
3079
7397
13918
13407
10040
5427
2663
1530
12462
12953
11268
9920
3149
13439
10658
14443
1419
14813
12578
12914
13513
3016
14814
8920
3443
5471
14485
12461
1301
2921
13481
5102
1621
5137
973
8316
5114
461
6279
1910
11278
12232
12753
14597
10627
14673
5104
2722
3936
5099
8305
13101
831
1777
438
11869
7516
1911
7482
9601
843
7190
6329
7195
14447
7015
4882
8080
13953
12048
8901
4386
6416
11272
12340
1926
3528
1801
7430
1135
4293
4900
4435
7598
1861
8683
11851
3645
131
4113
5135
11193
3020
7268
4247
6856
7320
8046
12418
6902
6982
1594
13889
10403
9626
10123
11115
2830
7233
9500
919
7478
704
200
1713
14785
5971
13275
9501
13003
12030
6981
3818
3099
5240
8672
6474
7219
2264
848
8838
5081
5080
5792
7816
4546
11919
14263
11536
11744
12702
5098
13236
8084
4715
13350
4445
14679
10761
12356
5870
4733
2377
87
339
9566
5187
1462
13011
1592
10919
5065
11688
3083
5075
10054
4192
819
12624
1859
1614
10883
14264
1472
3295
7154
14727
516
2332
5810
14808
1862
12116
4556
11496
4619
6745
14675
2277
12092
4491
1502
1341
9020
8055
5672
5868
2876
11650
11429
45
8070
789
13701
8367
13665
14847
3894
13257
3887
4232
11517
3390
14344
6652
10955
8435
3134
12924
9959
12427
327
10824
1150
815
5115
12171
4029
2875
8971
832
566
260
6253
1219
2446
14245
791
10905
13605
13179
2255
1500
5622
11194
14332
12811
14970
13780
2151
1027
11878
7337
808
354
12192
1778
14878
8009
7251
6231
2308
6468
4239
8954
2250
13267
9083
12977
13080
1138
9088
14409
3855
4497
13600
8092
6995
14013
779
14914
6762
5882
4872
5984
12768
11501
15014
10745
702
8929
6892
6703
7488
9215
13104
2769
11181
7109
4635
11223
5874
9066
7942
11158
4647
2111
4633
2387
2348
4609
11761
8366
13144
11056
13571
4637
10400
4568
1069
12362
2791
6484
12339
12732
12043
14338
10964
4563
12894
7485
10386
10963
11407
639
8379
10886
5290
14912
690
8700
12887
4075
14357
10541
14262
7120
11228
11719
14054
9157
2741
1946
730
13821
3462
10822
5330
12790
660
10724
13220
11646
12361
9316
12947
3375
6475
11993
6671
6827
1345
13955
5869
925
10119
5791
12099
6919
974
7200
12608
11925
14632
7160
3493
5718
3399
12824
3435
8306
7356
12270
13360
4098
6712
5391
8082
5712
2305
10710
4469
8182
1479
1597
9028
2415
455
2622
14670
7597
8809
7573
10730
10359
12796
2297
11820
947
6396
12817
13961
7931
4567
1835
14029
1546
5755
4501
12438
11824
10796
13059
1447
3551
1509
11981
6722
6624
1602
1302
13985
9072
7230
13806
11684
10458
5941
806
4680
10409
10482
10722
11789
10158
10529
2582
10671
6716
11983
8698
5308
10474
8124
818
14252
12670
7322
12844
12130
9542
13759
7983
5905
13195
2295
2626
6435
1795
8135
5192
7170
10432
9352
3992
9510
13792
11668
9908
12823
12620
10622
10616
6428
417
14584
4538
10623
2661
3055
6600
1547
11063
801
2891
14560
250
4345
4967
12240
5900
7822
13389
4086
9128
10006
9333
3471
2247
253
6594
8742
11431
1376
11720
14336
3459
28
11144
8576
8451
7171
10057
10585
11742
7210
1677
1608
5256
3142
4652
3084
3037
13974
7473
2248
12039
1548
9594
4222
13219
7158
7982
11918
8825
13034
9263
14010
10105
434
2954
14525
1806
1590
10586
6534
14648
525
14848
8762
14354
1703
7945
8836
5819
11805
10056
7203
6837
9629
13587
13774
61
8397
6048
6331
6358
10394
4973
9495
1506
1508
12374
11687
9954
10818
2142
7981
2721
5775
10188
7898
12389
6226
13969
4460
5854
8392
10470
5430
10629
9910
11270
12806
3527
11575
14416
509
8704
10631
13027
10928
9494
1784
12600
8106
9960
9522
5349
797
1504
1635
5100
6288
14358
10937
10034
11616
12036
10016
10632
1553
11026
1935
3570
7947
6951
3746
2140
8394
190
6726
13109
7174
7999
6215
6748
4626
1467
2628
3093
6031
2314
2067
11790
3398
12274
1731
10095
193
9084
5904
1954
6760
1307
69
456
2283
4656
10021
6034
6049
4874
1555
3536
3862
7041
13472
12992
4330
1796
11615
13252
12923
9108
9612
6084
8075
12035
6312
1518
12815
1450
6714
5243
5244
4794
12373
7470
2923
6265
13032
9923
11542
6241
3665
6030
8132
14057
4203
8917
11096
7383
2658
4859
14350
12699
12696
3312
77
10596
12773
12442
11388
8735
1433
1670
11399
11609
9561
12919
9604
12712
7967
13402
13435
12893
11871
11592
522
6068
13035
3544
5141
5103
13949
7849
7939
7007
6304
4313
4314
5710
13746
8083
1545
12437
1682
1732
12884
5209
5208
11891
12930
12402
3073
9586
10195
5943
14642
8998
9557
5733
10709
14353
14260
6411
7885
12989
2821
12922
9965
3146
6713
3734
11141
9228
529
6052
13547
5891
1598
6862
13222
7729
1623
12929
3089
14373
7328
6453
29
12550
11629
8381
5896
1638
14058
1490
6239
10022
13916
8554
4719
9569
5740
12594
800
12650
3173
7577
11106
9351
3860
2249
9922
8572
152
1554
14639
13574
9350
14817
14886
7420
4536
9866
7429
10993
14687
173
2752
1494
92
411
5987
12166
6070
8590
10708
9962
14588
10692
12229
12931
9565
2384
1034
6836
3444
5429
4205
13895
11636
13084
14339
14222
12034
3918
9868
9571
410
13096
11581
793
9521
7212
12926
2938
5678
1764
1994
1898
10602
4714
3689
11562
4868
14558
14775
8437
3202
3106
805
5395
7169
13324
2071
9564
14691
14325
3740
14324
12038
12885
4557
6456
13245
7060
5611
9556
12920
10894
9911
14008
3747
1964
1965
14341
5274
5377
14326
13741
14229
3882
13385
13037
4555
12928
5371
11565
14348
505
10439
10027
13108
6487
9562
9961
13438
14685
7591
8110
7115
5403
10826
12754
9163
9912
9567
7799
5408
7948
5288
14328
802
7827
4976
9563
12927
10053
14048
14436
11794
11546
7004
3750
12065
6004
3688
10015
14640
14337
10017
94
6131
9963
9590
5179
12456
13689
923
1526
12925
6235
6297
12452
95
13317
12381
5887
14721
1031
3231
13216
13217
2627
10111
5746
2382
10516
14818
10033
12921
1990
14258
121
948
12655
9929
9955
8085
12997
1692
5076
12492
3741
796
3110
9611
12040
5739
4957
3135
13235
10036
1060
10569
12198
4305
13995
5
13125
5106
975
1577
11631
1133
5894
4503
13588
11475
8765
9154
52
2895
7377
11560
1967
1860
10682
13747
2537
2899
530
7220
9593
7372
14547
2293
12805
944
945
5323
5693
729
931
1805
3656
9881
7202
750
4092
5409
7362
414
5889
3334
7082
9958
5341
2792
3647
7303
1737
11532
2372
12282
12197
350
3439
1748
72
14728
13660
7665
6368
12419
5078
4607
6738
5283
14990
10024
10994
5439
1676
13739
5071
8032
531
1637
14857
12089
13576
4994
11539
1631
10090
12579
2765
8001
5879
1505
5893
1175
8111
5281
11726
1736
9560
7394
2728
3103
7232
6918
840
4209
6682
389
3681
5647
9904
2858
145
8638
1948
14575
2088
9199
968
9186
9185
11831
2479
8294
8295
6359
10073
6096
9875
12682
7869
898
3553
13962
9581
2228
8573
9578
2108
2711
8617
14812
2073
14518
11533
12018
6289
13959
13960
12536
9198
14281
12651
2822
8768
5897
9860
13570
2704
7455
3311
14671
3713
14477
1360
9296
3382
14349
9047
12140
2703
762
9068
5000
8081
9558
6327
9583
1562
7208
3137
5635
14625
10012
8233
13546
5039
4988
1126
4737
7584
10781
12917
6097
8766
521
4704
9223
5540
12161
3511
13548
381
838
10051
2427
3498
5899
1785
9592
10996
1403
11589
5605
3332
1674
12982
9112
9247
10127
14372
14055
7580
6255
2655
1988
1985
1457
14887
10999
7592
5276
2625
6887
2419
13825
12983
9412
9724
5131
7494
3687
14623
10941
12429
14307
1464
7338
14287
12505
7989
13758
10719
7847
8740
2154
3890
1482
3769
2907
683
14359
1401
14978
13603
6207
14426
10720
9956
13973
5200
4711
3165
13693
2640
14507
14580
4586
10517
5138
891
2800
6675
2383
3869
6005
3113
1094
7659
11108
10029
14807
7805
1735
12906
14394
12987
846
12948
1817
8307
8792
12097
3166
11033
13149
23
10098
4453
13030
14546
1950
14361
6677
4952
3107
5397
12757
7515
11666
11302
5411
1790
5412
1600
14362
6679
65
1486
5988
13756
10074
10803
12500
5195
5378
7474
1346
5602
2637
13641
6670
13694
13932
3432
1523
9166
11888
3510
13594
6955
10069
14213
6365
2649
13266
14638
5294
889
383
11599
5068
10807
5883
2758
14267
388
8738
9094
2085
6307
8631
4870
12737
4836
5550
14049
5892
390
5362
5176
5885
2657
9165
9603
5974
1350
5145
798
2371
60
12575
5087
3179
5626
2063
5261
4720
10014
9743
14633
2766
1362
14389
1589
7113
3115
4204
3174
7012
5535
12469
12918
7114
4500
9136
2245
7118
7117
5324
8892
6196
9890
14594
7172
7013
1709
7330
8763
10030
14351
5986
6589
261
9153
12228
9139
5171
8767
13443
4615
6742
5302
13263
10522
10309
7271
3085
12230
7298
10615
3104
1507
6922
1173
1984
807
8126
4617
6743
1641
1503
8701
5632
14816
3573
4992
413
5181
5123
14435
3816
572
5675
14044
7678
9621
5304
5275
7387
1237
5399
10603
3082
322
6696
5434
13012
6511
6266
799
13321
9059
3100
794
9506
12934
4387
13289
4613
7585
7234
5711
8731
12177
876
9338
4580
661
3403
14649
13238
3650
12316
9905
8952
6198
13822
6033
14595
6389
11821
9909
6491
12892
12372
12911
5152
5182
1240
4706
7493
1540
1458
4734
9024
11737
10938
11427
1576
13028
2273
13280
4254
4598
11027
5305
13805
9025
11618
12786
6750
4630
1378
13097
9027
13290
12196
4153
86
8035
5070
14317
813
4524
6759
4640
1354
11258
6825
7207
4584
9246
8057
7901
12279
10396
5134
6377
6885
3101
1522
6532
2261
4821
5466
9229
4235
2286
11057
6335
8210
4542
257
11653
1132
7676
5136
9957
4484
5316
4707
14364
7370
774
1997
10958
11226
1217
9117
10210
6154
1364
1497
10674
192
4989
9122
7089
999
7215
5978
14636
15009
3838
4439
4653
13991
10141
2299
8761
8184
11224
2333
11927
8474
10131
1477
4502
1109
4507
13696
10828
6911
14051
5113
11417
13107
13106
13545
10371
810
8529
2676
8039
11740
15093
6270
13638
11368
1187
7393
7256
10961
609
5769
4648
930
4595
1389
14994
8042
199
2272
8834
13611
3833
10413
10953
698
1407
2746
6436
14651
8015
1390
3863
6019
10152
12020
13997
5898
12158
14652
6751
10117
12842
15085
2795
10218
4438
4372
8098
2724
1845
2193
1449
10308
12210
2101
7586
4227
4213
7392
14251
3836
2208
14907
10312
10618
10331
782
12954
13276
4315
3397
14690
9318
4599
13981
8037
10723
8036
13433
12937
209
771
6619
8777
12880
10294
1746
7264
10108
4998
13234
13980
4299
10527
8438
13628
6866
12317
6973
7608
2103
11146
988
6725
13103
2418
781
1629
2380
12916
3886
9204
4960
12622
6334
5673
13347
13653
6278
8043
965
13124
9498
14798
11414
5303
2610
9089
4240
8187
7710
212
7270
4237
4148
6464
8024
10523
8810
15011
8678
14997
6460
4582
5532
12819
12548
8338
10650
6854
2669
2287
10139
11254
8121
4141
8044
14278
1811
7291
3856
10162
7424
13060
1561
8930
14680
10164
2232
5767
8526
4614
15046
5527
4450
4465
12325
3749
11449
14329
812
2385
6908
12769
14162
1834
14902
13978
1320
4600
4583
11285
13990
14437
860
6485
7297
10207
13678
1097
4210
6755
8737
10583
4251
8033
9243
4160
548
15089
6620
10766
6401
10160
10637
6321
11590
6724
1799
979
15013
5317
10902
11818
10965
247
6438
7119
6298
14333
7153
6260
849
7225
14645
12660
579
10791
5794
5116
12595
7148
7352
49
825
1465
9504
3102
11298
1797
997
8692
6734
10440
13193
4604
12714
11216
3980
1326
6864
4385
2499
14877
93
7415
11023
10230
824
4490
8204
10954
11541
9488
4866
7778
2819
6571
10129
10384
6510
10520
195
2106
13975
4627
12281
13105
7061
14911
4218
13156
9627
4442
1439
7469
1687
922
14014
2456
12358
13334
6046
2737
9876
3054
6509
667
2786
12046
2437
2113
1841
7259
2330
11454
823
8060
12544
2570
10548
3817
1567
10490
14411
15026
827
6553
7252
4594
9081
263
4608
6718
10539
10481
10122
9507
7274
13627
6454
7912
13346
91
163
8293
12290
11786
10765
14164
8593
6228
12722
11024
3627
1902
10130
12542
4485
4448
6636
14244
4185
4440
14910
13549
13640
2322
13795
6840
293
7650
9222
12471
8391
4214
1586
8530
11963
13994
915
14809
9598
1829
12895
3502
4220
4666
8065
13886
10401
10925
6296
4671
7728
12955
207
13190
2276
10387
13989
8333
10478
9100
2477
10322
10789
4155
14161
7797
7311
12876
11472
5768
7261
11577
8078
4646
6478
13751
8621
11428
12056
772
12280
9144
10142
1972
11402
12721
14972
8045
1499
2740
13031
10552
4948
1949
4902
1452
5950
13675
7347
8197
14032
4631
13110
1787
10929
4354
7273
8179
2784
4883
12643
844
4441
6200
11116
6322
14981
13602
6702
1678
7609
8680
363
7090
6757
5859
1374
4665
201
7196
8186
14851
15036
1330
8682
6736
10555
7483
10209
4651
8743
8243
4574
1781
11284
6899
14494
10311
1686
4649
9014
9337
13365
14719
9113
12546
10473
13979
4190
9169
12642
1851
272
4452
4525
12343
9149
2057
4307
830
2235
10360
6465
13399
7184
11828
213
5820
4215
246
11164
13391
4881
10519
10884
14731
4526
7141
7838
9103
5781
11579
5783
13121
13583
918
12344
11572
6834
2391
10611
14838
7969
998
1683
6240
4908
4504
10712
6728
11367
8923
15015
2082
364
795
13565
1976
10701
8779
12818
2321
8443
9053
8087
7489
10568
14957
6442
15090
6925
770
6406
2320
2417
4509
9145
6414
11586
13279
4270
13752
2814
10675
10402
6839
4523
829
4621
7726
13776
9168
4479
14163
4590
2473
7966
1844
6546
14810
8066
1920
5787
9082
14871
8005
8518
5985
14539
12825
14653
8079
12843
7080
223
10680
4934
1648
14913
920
8601
10885
15080
4643
3899
10575
6455
11526
10450
12244
1029
2066
10678
11494
11613
7954
10576
1684
255
14432
2731
5591
11645
13325
6886
4133
7802
13475
2756
13159
10168
10714
4202
1252
12277
537
7363
15034
3842
8571
4243
13174
10181
7156
11366
4573
6446
8684
14762
11610
7209
13283
15030
14959
7044
7902
13426
10556
776
5467
67
7039
15033
6407
318
13716
8014
11068
66
2932
13260
8413
3478
320
9148
8040
4436
13427
7790
5951
8699
7686
1975
9090
2782
10725
14482
12168
7941
12160
10578
3732
15032
1510
12512
2760
11578
11295
10197
1348
9055
8384
10459
4624
11830
8077
7789
12740
7214
9022
13711
7140
6199
6237
12081
1136
11509
4010
6242
2988
11486
11917
1804
7052
14650
3949
11977
13725
7102
12845
4661
8589
10155
5393
4664
7216
9021
2160
9102
7689
2454
1996
5876
2105
13099
756
1679
10812
14732
14757
7656
3402
6216
8031
4904
14635
4663
6735
9177
5355
14513
11312
5353
13261
5091
6243
959
10156
11992
1373
14544
1779
10128
11253
2284
3404
15088
10429
13661
8241
4156
5639
10116
1334
1535
8552
11323
6906
7194
14977
11297
1043
7917
10365
1299
4437
7570
10683
4161
7067
8947
11292
8514
9289
10639
5829
13024
3933
3897
3751
4622
5836
2118
1227
14787
7272
6232
1367
14006
8013
12834
14772
10201
12472
4851
11857
3003
2289
3431
1233
12221
10489
1356
2352
6855
4901
11196
10466
12772
6332
4069
3548
13988
1322
4443
8412
10430
11843
12662
12729
14770
295
10145
9195
291
12296
11538
2136
4333
1788
9130
12466
2866
13380
13277
7193
1857
5262
3694
933
13212
7704
12695
14703
2309
593
308
10733
5175
12770
10536
4862
6873
12850
4103
14319
5662
14066
1820
5425
2931
10235
11392
5533
7754
15028
10821
3900
5840
3901
5948
6595
6348
4841
14788
3245
9096
14302
4361
11951
13718
3649
296
7206
14296
14060
11962
13091
14534
7925
12200
1368
1269
12085
11984
7891
7326
1088
14964
11954
8837
11733
11970
1036
1267
1552
7579
710
13612
12096
4042
9986
7601
3752
8196
3660
8969
5782
9143
13098
7937
9255
4833
3430
1055
6795
696
8588
14927
14321
7132
6424
7296
4861
4569
2987
14976
4642
7772
5090
7774
9219
7127
12827
14928
11817
14261
15082
841
13950
6874
11422
8242
12493
10488
7479
11398
2300
4849
8436
1229
3506
12519
7762
14270
251
6291
3755
11090
13089
4575
3717
7159
10247
6880
8594
4591
4322
13676
13092
11165
2403
1168
5089
12833
13715
2039
14892
8240
13265
820
5625
1680
1375
2312
12256
14971
9194
8472
2659
4811
9254
299
14760
12050
5630
780
6876
6533
11195
859
12481
4449
7066
4983
4943
4768
8515
4149
12191
7854
13657
4506
11416
5526
10643
6466
14874
4217
2072
12803
7221
6566
14493
3874
2426
3895
821
11245
3898
13651
8945
14884
12236
2739
4112
12804
11016
4698
12371
5825
9319
1933
14870
10323
14973
11955
5914
1850
13339
7923
6418
4370
14277
2234
7070
2325
13930
1319
778
7309
2761
14882
1557
5539
6933
11288
13616
7018
6761
1900
6545
14538
11487
196
1172
10528
4114
11974
12659
7254
7263
4620
8519
4657
13383
5949
7081
6731
10974
14756
5372
7316
7897
4878
10801
703
10216
12933
10613
2409
8999
6463
10487
1366
7135
2279
3883
8212
7317
2221
996
14151
4565
1685
14647
13810
7185
5749
7994
1752
7131
11294
3546
11121
754
12017
4457
11743
11705
12716
6710
697
10599
6345
13728
13688
8955
8706
6153
2253
1243
12761
13440
4645
2993
6238
11570
5188
12597
4979
7442
8599
13010
11978
5804
12832
14869
3523
1456
4528
5280
961
2390
6032
1904
14654
12573
14557
8054
11703
13410
2033
2656
2210
11530
14237
360
8158
2155
13447
1123
6518
6094
11092
1270
13009
11994
14198
1875
11680
6262
4508
3477
1311
2406
10140
14967
4896
10138
1059
4008
8903
6458
15040
11219
13972
14873
13674
10782
7073
4470
10551
11075
4325
6272
4298
2360
7139
2420
4597
11690
13314
9079
7600
8953
2298
1392
10362
4238
1352
3475
4194
14279
10293
13248
13448
3425
1914
14872
1681
8974
8248
14300
7801
1020
11020
1032
6597
1471
13218
2451
6950
10169
4956
12307
7059
7368
7138
9048
1918
2290
7788
811
3885
8905
4416
767
10486
2594
1971
8666
10728
12647
3476
14681
14024
12289
5822
11980
6841
4271
3761
13677
13996
1624
13791
10222
10975
12264
8726
2065
6723
4560
13769
13319
3358
6582
11836
14898
10110
11291
14322
6733
8073
4356
6583
2081
10645
1768
1642
11837
4294
1776
3580
5799
8320
10526
8595
9534
8725
993
6337
11358
1755
9489
10792
6263
8209
14853
14891
6857
2393
11760
13666
15053
4812
12648
1446
4296
4853
12002
12502
14783
4880
13986
6400
11966
6845
9182
416
274
12126
5778
7856
543
1124
5631
4311
6754
3282
2812
13931
6081
924
11528
11529
14850
6247
13613
7257
12878
11137
7951
12898
1675
972
6990
10820
2388
4915
4451
792
4261
11976
2606
7284
12029
13614
4198
5241
9535
10612
14272
14242
7763
6954
8516
10019
2576
3416
12208
3935
7990
1167
11403
11924
9240
7588
678
6802
4822
13672
6835
4655
7837
13649
6519
2313
11940
1408
1377
4394
2138
2713
14674
6202
7773
10126
1317
5315
8348
14890
1225
4585
547
12143
15056
3834
3692
11296
13063
11922
6486
9078
10655
3606
12830
8741
7085
12094
1660
7864
15081
4877
842
13911
3537
14918
6347
14919
6824
11012
14920
5351
2496
14852
9515
202
9292
14881
7742
7391
13029
3446
13824
10546
8211
7680
1853
1154
6467
2349
5036
7870
3534
13890
916
12465
7111
4672
12596
4834
10220
10102
1770
14925
3119
10518
11595
8302
3406
9085
2977
4327
3993
2110
14519
8569
7458
1044
10461
12605
4905
11694
12565
9610
10291
11470
3396
89
12367
4530
13322
3686
14502
6340
11815
11029
12618
14915
12897
1332
11973
6844
4165
4685
13202
8146
9623
2141
13294
6753
14465
8147
14789
11648
8012
3611
3610
11423
1068
5424
2575
9076
15083
3466
4825
9211
280
9394
2399
11239
9884
8823
7821
12828
1644
1102
5906
7907
12142
367
7572
2815
10630
6277
12329
12204
1359
11947
2304
8195
788
9348
6544
9347
9340
9472
7868
11764
2445
1830
1563
1560
11627
10797
11513
191
1619
1909
8067
14641
3114
903
12186
9297
3492
2069
3164
10653
8566
9716
2104
2282
740
8076
9064
7900
8719
7258
969
12084
3648
8088
2548
10661
4332
14771
14268
1431
4186
1932
10133
13379
15012
12013
8150
2623
5818
4282
11349
1915
2759
6969
12698
4401
4566
14273
980
8038
4990
11765
14460
6273
6274
8382
9131
10802
10800
10957
9015
10979
4521
10417
2586
12839
2359
7825
14974
1981
3947
7645
7327
5676
14966
7894
11289
8027
5858
13150
7249
14839
2763
10798
4143
7189
12870
11077
5834
10137
10799
4393
3719
8662
13921
14921
13375
12663
10302
8722
6971
8149
804
4193
14777
8798
3438
15003
7968
5350
9485
11220
11652
1998
2428
11700
7995
5852
4073
1208
14790
6935
4873
8473
13801
6439
9016
1936
14707
15007
13615
2316
4338
10364
10500
10699
11941
10695
10176
1178
14227
1221
2929
4207
6740
14962
4611
3001
3575
4196
1847
2094
13271
12101
14052
4026
10375
10418
1218
538
1090
7492
9497
9191
7915
5790
10732
6101
4899
10363
4543
10191
7571
14438
10505
2161
4039
2910
6967
11318
4306
2668
9329
2642
3714
3715
14993
6095
12869
4219
13304
911
189
11621
955
4028
5325
14894
3677
912
6869
14381
4130
8975
7906
4535
2647
7914
13345
14726
6803
14896
4776
6983
14823
14705
2900
542
401
10543
7733
2179
4211
14175
15048
12543
10601
12164
12533
1616
12028
12908
10050
7253
13070
13920
9026
10227
7179
10361
4170
13293
14474
10301
8133
4281
12019
8724
4297
2163
10638
7908
14926
11062
5634
3630
8414
10591
7732
2134
10956
6823
3117
11708
10984
4677
8508
10031
8565
14844
2775
2689
15079
11480
13264
785
14323
10390
4191
2691
10532
8041
4233
13935
4632
2467
117
12781
1634
11157
6324
8120
1180
7691
7918
1715
5815
9628
4906
8782
14968
10572
1584
10662
6245
12574
12310
7602
6826
4606
10617
4823
8902
1571
1042
7084
1908
10654
6737
1613
7889
3891
9152
9491
2268
5177
11076
13332
3461
2510
8319
14282
7178
9609
12837
12304
6978
10898
12203
4303
12266
10647
6538
1058
3377
10475
14646
3370
1952
7583
14901
3120
14002
8827
4195
13302
10502
656
3415
10494
524
7048
12433
12149
11753
7143
10358
11763
2017
15077
4410
6316
9985
13700
14706
2187
15002
1982
1625
2789
6843
8108
6053
13173
8852
12861
11362
2424
11718
10973
10664
11515
13262
13197
8247
8670
292
8910
6290
4489
1310
5932
10240
11249
15068
10690
11534
14736
1380
13135
11174
4815
5292
4171
10943
1690
15069
10410
7374
9490
1650
5846
10192
9983
4939
8785
12300
5054
1620
2598
3494
11892
5273
9018
5719
7410
13966
11160
3223
12024
12652
9854
10595
9044
814
6462
124
12666
7418
14827
8815
7211
1659
4746
3625
1161
12528
7707
8493
6888
8545
2607
11754
7031
2378
8603
4087
6863
621
4730
11630
12779
13123
14909
11520
7796
991
15067
5878
361
5853
2503
2605
7895
2024
8119
13898
3720
7133
14254
583
13253
9043
6991
4757
8259
10600
7265
10656
6705
11674
4728
12630
8095
11161
12443
10451
11102
9878
4749
11756
2365
14190
2041
13000
10834
12831
8288
7417
1543
4446
8928
4731
512
13359
10827
8914
8550
3424
10537
8008
1092
4798
7873
11411
15101
1438
11205
3316
6353
1761
9224
7893
4817
3364
6707
5028
8676
10398
9900
951
10078
12686
622
10514
3559
14923
1569
2453
5570
10689
10808
13183
9231
9046
3780
983
4476
3633
3612
13056
1705
9608
6988
6944
7714
8977
2850
5946
1895
752
4162
3360
4493
4795
6846
10436
8988
334
10416
1645
4036
8136
228
10558
4368
13138
3007
8982
7046
6276
10186
10391
8488
13043
10118
1588
1156
6804
130
3791
13185
12807
4777
539
3180
8677
5915
7777
13764
3902
4699
5159
8255
7639
1441
12604
7845
14420
12205
10340
7785
8933
5808
7180
10512
14697
7121
5831
6833
15071
4228
10378
10626
14784
7658
15078
12265
1793
2379
2597
906
1786
700
7842
7145
5828
15066
8718
12564
850
2581
10154
11163
11903
12867
8657
485
6860
8449
7439
14511
6904
10530
11732
13142
3423
5764
1440
4818
8074
9524
986
14867
9045
7229
2699
1466
8453
7231
2045
2107
3683
8936
10534
2593
4331
9054
9032
248
13309
4520
4678
5709
6980
4689
7641
12309
2165
15064
13016
1436
7637
10660
15073
2811
10419
1406
3255
7400
5221
7490
12108
11122
12780
12219
7006
12529
10202
14984
116
4038
436
11479
14982
8591
13255
15074
9540
14042
8937
10727
10009
8964
3978
9396
11132
12986
7000
305
2662
4208
3297
3571
13296
4064
14571
14985
7595
5173
14610
7137
11290
4782
12547
4088
14942
4444
7124
2777
13923
7823
8995
4739
2714
4433
13170
3637
14399
2102
11848
8873
2897
14806
10283
668
497
12484
13048
12537
6875
2050
7504
4177
4547
11356
13463
7648
10524
4534
4273
4097
14374
8494
8980
11937
3365
4360
10382
3700
6785
748
4549
8681
3542
613
5196
4741
14
2211
11714
15051
8739
11752
5025
2117
14376
10515
7642
6234
9039
7911
10025
8421
12812
9067
14038
5821
2440
14308
13116
13305
13155
14906
2732
10980
10538
3122
10183
4550
487
14418
4696
11755
6891
4246
7539
8600
8099
2013
11386
3615
2609
5961
4891
11138
15049
6985
15100
10771
11180
3266
4753
14462
14414
4184
6924
15110
10636
3673
7293
11751
4533
10590
10992
12370
6858
7883
7306
11691
14889
982
7513
12561
10831
11608
10467
8830
3725
11200
7913
13213
14212
11865
581
4168
7565
14698
14504
14092
4810
12946
3116
13367
14704
2667
10498
4801
2595
9033
15027
12641
895
8004
14397
8395
8152
950
1369
440
4400
938
13258
15103
2600
15084
3480
3418
13424
1893
13355
13811
1460
625
10496
5814
10351
4537
3123
10533
8503
4540
12829
9511
12511
8996
7755
4302
14939
11171
1387
11058
10477
12875
2633
5580
1556
723
9418
2501
8492
14200
9615
7722
4166
2170
10213
7043
12873
14822
10570
3635
4280
14893
4710
10513
7681
9867
14583
2494
14933
10319
7973
7696
11783
9003
928
8090
8655
15065
496
9596
10049
6220
5752
12633
12632
14843
8400
9342
6221
12224
10369
8354
7986
7107
6206
8832
7776
12626
14720
9336
7535
13051
12422
11826
1880
4688
2254
8118
2167
10004
14217
7359
12440
2125
11747
10175
12864
7313
3917
1568
3875
1365
5856
8983
9395
7808
8824
6542
4200
8154
14289
7880
11
1475
12497
3858
12025
6588
8658
2592
13061
14363
4808
8987
1397
7643
8611
14249
12676
5155
283
5916
10896
5706
910
12137
2213
3602
3251
13018
11091
3257
5482
11293
5704
4843
2959
7136
13859
15001
3923
9460
7886
4474
8774
421
11774
2563
8985
1448
1003
4380
10847
8223
3352
11365
5251
11409
4180
2135
14999
10763
5586
2450
10995
9597
12341
9688
1202
5842
6816
4803
10893
7204
8734
2565
9232
2052
13039
1405
3893
7150
10326
13773
6219
8431
2186
10634
2183
10223
6570
1665
4857
14542
10411
7292
13148
10621
3679
11104
711
12426
4346
775
2757
14174
717
1004
8783
14135
9366
4700
2851
10635
6796
2585
13165
10437
1358
11965
10598
9898
12423
12848
5658
4799
4747
10000
7176
13111
7832
7505
12124
7051
11504
7795
8325
12485
1741
8876
3509
4837
12640
12496
3727
11381
7831
11929
2579
403
2790
5612
10547
1580
13844
3846
2206
2196
3811
15029
11757
2091
2781
8006
6472
4118
8010
13413
14841
6539
4275
2726
6282
4335
1917
9349
6114
2262
7575
6970
11795
9896
5529
14498
11958
8425
5440
6098
5835
13937
13804
11787
11061
14274
12311
9552
10895
14441
4407
14226
14954
7433
5772
1551
5805
8249
6323
6872
9217
7020
6209
5872
7804
10242
8504
4658
6715
834
10132
8819
10640
2702
11078
3658
9873
1771
7094
7612
9151
8869
8145
5038
7930
4593
10109
10510
12862
4572
1978
6521
203
7815
4276
7050
1769
10334
10497
9091
7299
4539
14667
8650
10960
4379
4601
7192
11788
10642
8029
8030
4562
1283
4603
2093
4323
8101
1810
218
2119
2990
7318
13647
7008
4980
7723
6729
2736
9283
6252
12111
1379
10542
14234
4750
1773
12295
12187
4780
3662
11462
368
6832
11745
11421
5483
6236
11862
7566
6937
4769
7974
10061
12253
7744
7688
4784
1751
10759
3124
4060
12677
9945
10571
1286
9226
12153
4729
1653
6399
9000
10120
2046
10685
11936
2389
3920
12734
14077
12447
7751
12183
7384
1119
9317
13464
4381
10447
7964
5867
2960
10415
7452
11382
4701
7549
1941
12822
5282
10729
10726
12581
2677
10317
5295
11188
1595
1274
4463
14199
7386
10633
6808
423
14541
10448
7956
12902
5385
10945
11845
3516
12217
3620
4735
4309
1295
11859
10580
13354
9227
11089
14099
11746
6691
14549
9691
4778
2216
14104
2224
7495
7567
4792
7058
2853
3724
13040
9977
9294
2807
13842
9193
7718
12255
12541
9132
11437
2971
9757
9431
9802
4740
14656
2886
5663
2557
10052
7695
4999
2447
7282
6244
11913
2448
12446
11280
5522
1284
1108
216
6601
2561
10946
5506
12841
9663
9377
10063
2859
7905
4015
6704
3041
4697
6775
5683
1710
7053
9600
7561
6805
15043
10850
8463
8251
11771
4267
15044
4596
7281
4137
6946
13163
6910
11490
5966
8820
6395
1212
2421
9357
11320
13460
12552
13312
12621
9512
6210
2476
9359
424
8549
8434
1903
3921
14182
833
14102
4667
7011
12563
10237
7042
7099
8816
3577
6859
13461
8688
2172
12182
6861
4949
9398
2580
866
6820
10521
4230
11329
10405
13462
2217
10652
10676
10574
9065
8117
10646
4702
8592
6964
4634
14661
10100
15076
1213
12857
1105
14425
4838
5780
5992
7543
7502
12127
7638
14943
6001
6889
7963
14203
2010
12555
12556
12276
4605
4464
11781
11230
13298
8913
8851
718
1611
10868
7144
9538
13662
11074
2338
9302
7903
10614
4977
13069
10178
6746
12424
11493
633
7093
14202
14204
3828
7163
5040
4571
3744
2596
14758
13376
6264
10491
6294
4592
6732
3847
8334
13297
6281
4587
12396
4638
4559
3593
8981
1775
8912
1496
5342
4548
4359
6489
3827
5976
9206
4618
6354
2189
12877
14271
1999
7635
12849
9095
2080
2086
3448
2716
13397
10190
6212
2762
4518
4577
4865
2180
1747
14220
12865
12165
10744
9335
7568
3039
13714
15019
14456
10408
11079
11706
8652
2292
10981
7186
11875
8502
9883
7853
4890
14080
2137
6604
1739
3796
2475
8660
6901
13327
10010
4236
1525
12744
12288
11692
476
709
12572
7582
5436
731
4610
6739
13466
13301
4358
7775
7360
2578
12523
10299
11625
6459
3731
7649
9517
13292
10711
12868
14987
913
6999
1579
4628
4279
9114
11598
10250
7835
13044
88
4188
14247
2265
2488
10857
12835
4639
14688
10287
14792
1363
4277
7001
2653
4933
4402
1140
13246
12157
13119
7840
14831
11950
6381
8804
3859
8645
13087
15061
4763
10698
4187
8948
5989
11463
8442
6717
12527
7276
5991
11894
8131
12900
2794
11949
4378
11959
7277
8056
3835
12041
4644
14481
6565
8021
7938
4006
4682
13086
6792
4581
12195
2278
3426
10174
13965
9105
2991
8314
1489
11991
5426
13633
5766
12820
4189
1074
7836
90
8409
5725
9159
2260
8870
2997
12051
14988
9416
14490
6593
2492
11948
14037
12269
4814
8155
2469
6318
1325
2257
4589
11301
1864
10663
11693
6930
14924
12306
6336
14975
2311
1245
3723
206
7275
11055
12554
5157
12553
8697
5107
8253
7017
10750
1663
13311
3808
10233
647
9087
194
7459
1067
2725
1211
6205
10232
10303
8862
4602
1774
3624
14854
210
2116
8188
7574
10380
11478
208
10735
5199
10914
6605
1349
4348
8218
4334
3736
14917
2064
12749
10584
9197
14855
5477
13303
6224
2468
9092
3722
12220
14802
10332
4932
2651
7731
198
9407
13326
10234
2591
7800
8315
5343
5180
400
197
1772
3414
2392
12730
9155
907
11968
2930
13090
8868
13877
1516
1919
10853
10855
8668
854
12049
8058
14815
8143
2998
1351
7279
282
14868
9328
316
215
12369
6592
6741
9107
6598
7692
12494
4005
4612
10001
4116
4898
9250
321
14875
9251
14900
9291
9245
309
9285
11728
3419
5801
9387
7787
9872
9158
1633
284
5857
5833
8112
3987
12821
2203
15091
1072
12131
3904
13670
1372
5793
7283
12762
10161
3634
8898
3453
3543
10310
11943
2219
9244
10149
1798
12313
1451
6763
4659
11827
359
14228
6559
4268
4478
1815
4886
1226
4326
14991
8097
5806
1122
4844
2753
15006
13915
4828
721
14774
14689
1846
2114
8018
2340
4263
9353
9002
13299
11995
5908
11644
11956
4324
5252
8644
5534
14398
1071
1501
6720
6229
3868
14005
3822
3458
1890
397
3479
7065
4461
3809
10146
7743
2652
8089
4845
14034
1333
2115
11176
3805
6756
4226
14730
905
11447
8129
2233
315
3802
12717
4813
14876
14318
13566
9326
11225
8615
2485
2173
8105
14960
12100
12326
2729
1075
6606
14811
8454
10507
1901
7333
10777
13691
8016
4376
11159
1517
6397
7647
1966
14965
8330
4396
14845
14298
1347
9492
11227
5047
11860
3701
14246
6208
3500
11221
252
12901
15037
10336
8181
31
11591
6996
4852
10200
4245
7730
13922
8614
4588
12368
6853
4570
7064
4623
6437
11803
13259
4579
204
7480
3441
4102
12175
8116
5633
13976
13656
4398
6203
9086
7867
2574
205
12388
9599
5770
13745
6865
8748
2263
5765
4670
7464
7217
2130
958
14930
4031
7955
10881
7079
2573
4312
2505
14248
9093
6457
10339
803
7149
6434
4216
3876
10976
7116
8553
4030
3421
10480
8496
13343
8219
10577
9071
10446
13085
12385
4397
3651
12764
13807
6211
7104
12375
13102
8297
12912
8086
11495
6018
10318
1021
1858
760
14286
10786
4654
7112
4395
2244
12656
8596
10535
8440
1386
7481
7682
3066
10428
14799
5713
3896
10506
4320
11864
514
13967
10426
4576
7690
9253
3841
8050
7049
5314
11571
13695
6730
6957
10501
11028
8362
1242
6709
13162
398
15004
12023
6505
7655
13295
4350
1130
7416
2294
4931
8047
14786
8034
2143
12625
11521
12736
14410
7255
13597
12346
4140
265
2281
8156
981
7798
10641
3538
8064
4897
687
6251
14605
14980
14581
6366
14305
6369
11695
147
7110
9150
1066
5917
6968
11628
3884
5855
2572
8556
4147
1536
6766
6557
6249
1848
10104
13658
6355
303
1963
1300
6477
7855
12231
13412
5997
6213
7694
13963
11351
15041
14429
13577
1951
3535
966
921
5737
1688
3015
3281
6201
249
3136
878
6058
11348
30
13595
4558
4945
8430
6267
11525
2164
8517
5608
9162
5044
14053
12943
11594
1566
2707
6883
10465
6275
6261
1009
2099
1432
4462
3000
3337
14067
8214
13632
8580
10180
6250
12333
11473
12459
3881
6870
5414
1022
3330
14442
3187
14992
12172
1712
6867
5809
9146
382
5847
917
6248
769
6123
2612
9187
7301
14265
6912
11217
7285
6227
12669
1808
10147
1035
13384
2958
836
11588
10007
2095
7605
14751
14393
13026
6254
13203
11401
4426
2306
13631
4650
10942
8239
4456
10594
2604
725
9877
14018
1720
1912
2307
8581
9499
14045
3951
1480
10659
6488
7899
12238
3380
11021
5705
14063
13823
12088
3304
826
904
5390
12944
12945
6953
3243
3384
6893
13592
11996
2259
10651
3680
13970
14781
1934
5121
12473
8230
8791
160
10046
14062
13459
9568
11619
4636
6176
5848
5480
2256
6721
2834
9424
5786
10038
2590
728
273
12935
7450
13968
12087
2916
13033
13489
14776
1572
479
12645
7919
5267
9268
330
11620
4107
6752
4641
458
8408
14331
10904
3267
10648
686
753
11042
4047
5165
9127
2302
6928
11717
8744
10121
14472
8427
3170
9284
13473
276
12988
14205
10593
430
2773
3644
11535
14209
12365
10421
13737
3047
14738
11324
3436
3906
7904
13697
9001
11363
2673
7441
14430
14723
8455
567
11597
14634
2887
10910
3930
11372
5127
3393
10721
11316
7993
11251
554
10048
9952
3087
4947
8217
2078
9438
9774
14526
9523
6913
10702
2865
9465
9828
13572
3567
14405
8335
387
9786
9441
15062
10274
7782
11482
14725
7715
2231
5287
4772
6799
10691
7096
2074
14085
9060
4692
6797
4770
4767
929
11736
2411
6921
3782
12436
13396
14858
11639
11811
4787
2898
9967
759
13690
8287
12562
9991
13717
6772
9259
1078
3345
5995
10083
4766
13417
6794
12156
8627
7228
13925
3128
13215
14655
4723
4108
3301
758
2036
4413
8949
6831
13555
13268
6657
9269
8299
11806
9736
6975
5779
6189
6821
1601
4809
245
4388
11460
14559
6362
10911
2237
337
4269
1520
5723
12190
5491
3533
8866
14039
4709
11986
13143
8501
620
6105
2885
450
13958
13386
14428
5428
13879
15020
278
2195
10844
926
1515
1062
6404
9981
7472
9670
9380
8844
3454
5881
7662
5983
3006
12454
6788
14916
877
6027
11396
9433
4046
1723
2443
13738
4070
10829
1111
14820
1979
5248
9304
4687
6771
7077
1344
7878
6517
4987
4806
6819
5731
9442
14718
392
6104
12940
3094
4871
7769
9787
13887
648
1643
6829
12800
7814
8140
5871
10564
8342
4895
3355
6128
3753
11716
13307
12742
1288
14185
1396
623
11545
1657
14413
15058
11327
985
12495
13017
13287
5193
12784
12814
5504
9320
5166
11397
10231
1905
12665
11156
12758
11346
7620
9572
5496
5544
14312
6778
14766
9550
5031
12851
4683
4726
13575
12701
12979
1216
14562
4272
5465
5086
510
12475
1061
9807
13131
11701
13233
6773
4693
6768
3069
14621
9392
4762
9683
12455
3748
5931
6584
8471
13553
8410
11128
5930
14421
2832
4922
11131
962
169
3659
15
14739
11231
4708
13189
5789
9452
10076
6645
3460
5909
14343
14025
2152
14366
8637
5977
1323
1822
5235
670
755
7305
3873
12162
3926
5446
6815
4802
2608
2241
353
11095
11073
9541
12836
179
5253
5432
14299
12852
10064
4495
13256
9372
1239
6417
6608
3776
5507
4885
14195
7698
11702
13939
4510
11071
1924
3359
4355
5402
5238
8993
3945
6370
437
8693
5585
11960
1604
14996
172
13727
9780
11072
1596
11094
11967
10899
1750
9709
5369
9964
4252
4968
13308
9657
4884
12202
11345
592
3317
13416
6076
992
11361
6526
12748
971
699
13454
14403
4758
8793
11540
9801
11065
1179
10026
1582
14553
5463
5366
73
369
12342
8679
1228
13607
8220
984
6879
4773
5557
14424
11109
4475
1627
12619
7
11117
3763
4347
14624
5475
1662
5967
14750
12855
12417
4888
171
13329
3738
12649
666
14046
9040
10588
2554
5147
4625
12086
7182
4676
7177
4545
9503
3141
14065
11148
5549
5234
14047
5272
3903
3737
8942
6002
3789
11623
14591
14545
11880
4564
2158
5035
14342
3335
4578
1605
6758
10924
2665
6749
14215
4629
9861
2982
1583
2719
2780
5037
10091
3011
13477
14805
2925
217
12207
2745
344
6744
4974
10221
10005
5975
14846
9330
5079
523
892
13710
809
5743
11982
13403
9948
13779
4927
47
11769
3008
6747
5041
12879
2407
5335
7447
1468
14345
13992
13130
14440
13221
1324
2123
235
11376
6038
3061
6952
3068
11721
227
12047
4363
599
6
13659
14824
1945
8091
10039
11654
12623
6119
2323
2779
13610
14021
1129
2356
2319
15017
7388
11829
8612
10790
14297
1000
12386
5569
2318
695
349
6072
470
464
11574
2536
3010
10103
2351
13719
11247
5542
4091
935
12434
6268
6141
13432
11250
14589
13634
11017
5973
11758
7767
4099
3558
2192
14737
2398
6698
2708
9949
14285
5347
1478
22
5271
12291
10926
14669
2438
12336
13635
2199
1661
12181
44
13754
8417
14011
6178
11022
11204
7616
4120
13790
13478
5865
78
7324
901
14439
3002
7466
8821
8419
2463
5607
14238
13608
6118
10187
2902
7607
12246
7319
5406
10167
4110
11580
148
5149
11683
5807
7345
7661
11516
12430
2004
5877
685
3056
5242
12241
5279
13914
8123
7389
5002
12226
4142
598
14497
2148
692
14568
3029
6372
596
7105
3018
2381
142
176
12242
7361
14791
5120
46
3381
3646
14617
7381
9213
1400
650
5599
2478
12332
14365
2845
1836
11001
4552
2423
1142
9585
3131
3012
777
8234
2817
6000
2176
2482
5051
14056
11518
2175
5077
3153
5582
1420
5286
13593
10420
5357
1762
10068
10184
6632
8062
5907
3306
5875
12590
13954
7673
3014
2331
5340
2355
409
9023
4328
1174
5929
5750
1491
3801
1176
7517
2408
12453
13568
1413
13803
33
5124
8781
9591
6490
9544
1609
11271
4295
13760
4174
11446
11241
2038
3661
11617
12728
13415
13141
1264
8308
402
1573
4025
3691
11975
11184
7677
8122
6386
3973
5322
10939
4887
4154
9147
1077
13079
12688
10892
14368
1417
14574
1164
7628
1700
14801
14616
6055
3481
13036
14070
2896
2788
1481
12322
7371
2843
12194
14768
7100
1418
1238
14849
5207
3060
5727
10032
5528
11019
11393
14769
4096
11252
9750
15107
12384
6325
1689
5901
6672
6683
1719
5226
6767
6382
1272
7128
5577
3550
1110
8309
4681
2913
13770
6514
2535
12380
5384
14952
2618
1194
1970
7235
12890
3442
14239
11723
2471
3005
5583
5060
8997
3410
13316
11884
11698
3617
1887
2838
8583
7551
1290
1118
9233
13444
7095
8142
2201
10271
6088
14183
4695
13951
5596
7666
14487
3976
2617
4800
10260
12335
3278
7162
11413
2508
2996
12178
8139
14842
2522
447
13731
6530
8422
3309
14074
11093
12491
2178
13861
8433
1065
4675
5394
12431
7949
6503
9513
12638
9514
6476
3820
863
11655
14745
8979
2906
677
15102
9178
1558
5936
13763
3773
3163
9354
4869
2905
3472
8452
8192
8788
149
12510
5546
664
13799
7848
14678
9099
5803
6651
3730
6317
2730
9493
9843
607
13323
5757
4468
2096
6126
10888
1947
11664
5110
3821
13630
76
4964
15008
13736
13971
1759
7766
1549
1632
580
230
11767
627
10106
5747
2376
11067
13643
11808
504
5970
2429
7654
7336
7687
1215
9907
12720
5146
13644
11587
13977
902
5530
4907
10998
7407
13782
9889
3193
894
7876
14232
3197
8671
12444
654
7879
3280
371
11415
1958
4079
11519
1544
7740
14524
2484
433
13405
13846
5021
3603
3604
156
851
1809
5055
14602
14529
8380
7749
13702
7030
2483
8304
14826
1782
9971
13998
419
12978
3314
8512
1141
11823
563
3269
618
1691
5210
1206
2344
4146
7961
3785
14131
8225
341
6653
12582
10757
2159
7341
14378
2037
8875
11287
14729
4001
4125
6269
12077
14530
9305
377
6695
3456
13471
7560
5448
7552
12079
11257
187
12026
9237
3758
6900
9175
12119
9648
10082
4466
1701
9367
6658
8017
11303
879
11263
3728
602
5214
5215
11697
3051
6023
2012
11801
13999
651
4712
5993
3547
9214
6367
2986
7241
10225
3819
9620
5754
2547
2857
10443
8803
11039
574
9728
12005
14007
4406
5088
6461
4288
3378
13186
10977
13187
14955
5627
6451
13562
4986
11321
11140
12713
9308
1282
236
12001
5186
3440
12591
2684
14311
7130
3319
8275
6432
1262
10927
3260
13338
5926
9116
5388
13446
279
13838
13840
5694
14946
13619
8227
3248
7626
4496
5556
3046
6700
6807
6659
4781
14269
6929
13041
7509
4846
14662
1969
6090
629
467
2638
8911
7413
7289
6142
7242
9427
14176
3586
15099
6217
14406
10768
11987
7097
1612
82
11274
10020
1886
12185
38
11248
8664
5130
7411
9174
9882
594
679
643
12351
6012
9004
5389
9036
13814
12411
15096
3298
8375
8344
14457
9005
768
3848
9634
11537
7622
12167
10328
9937
10878
13893
11558
7166
657
9914
355
8839
2480
14476
10751
8191
13793
9256
5689
300
6574
1839
311
3206
5291
14517
11912
9007
5664
11315
13828
17
5269
5326
4357
1259
14140
5655
12031
2712
2909
6122
7329
5270
13669
8215
8022
3621
7354
8355
14154
7531
2551
9819
1304
2242
5523
582
1382
6787
9248
852
13214
298
14031
1760
12615
12692
4340
9212
3618
14095
9035
3608
7351
9314
11561
11018
2903
14395
5027
2058
3626
4181
1430
3541
11267
4724
6777
13637
219
1426
3671
3674
12132
2787
11727
5254
1435
8373
2366
3592
13767
2317
8935
7812
9218
11190
12532
9706
10288
4044
7859
14138
14938
3326
6897
13929
12337
1273
10705
370
11098
3379
2413
10679
3105
13868
5685
3515
3190
12287
14001
7958
14592
6136
12145
3427
6230
2310
987
14170
2750
11412
10075
1210
4250
3035
7555
8497
4847
10609
6609
1867
13766
8685
3026
6134
128
3914
11114
6666
8296
9846
3915
11543
4024
11438
14835
6493
11127
1308
2631
6137
4923
3953
5730
5319
11873
11640
5665
6496
10071
10070
3367
12966
9972
3601
3283
14122
12129
8138
10849
7016
11330
6283
3394
9837
5646
3133
14207
899
3225
13470
9642
2401
6972
1336
7300
244
10684
11451
13153
5169
2970
11685
6013
13809
5433
4150
10608
3338
8336
10830
8963
1473
12693
4511
7353
6344
11283
14451
7069
1209
13908
4033
6898
7477
1819
8624
5552
11464
14316
5476
12681
13856
11657
5513
11852
14601
6774
4694
853
13928
1603
4796
8351
2520
6814
9616
11060
10871
13132
5716
10226
5714
10316
11135
2146
8881
11442
5641
7621
5396
3962
11819
13348
6363
12756
12012
9644
7380
10693
12750
9279
9812
9454
3572
1599
11452
7106
10920
10867
12216
5285
9630
10734
13100
13857
43
882
10907
5823
3025
14761
9838
5360
7959
2212
4135
8377
7553
14479
453
9063
9927
2368
5981
4151
11555
10736
9363
6689
5497
1871
5237
4855
8511
7476
5935
13505
2462
5640
3514
1116
9405
1721
5509
9479
4021
13742
6079
3632
12482
7173
9374
9399
3065
11856
3077
4319
1980
10
1831
1263
11084
9547
2490
5953
7646
11387
11235
1049
5331
10840
11444
861
8539
3581
1115
2893
13137
11450
10268
10869
5450
12268
7402
7181
5519
126
7022
9943
1832
2568
254
3783
1699
2823
11953
13869
1177
6687
5938
15097
289
11034
7155
9803
7651
2266
11741
5211
12540
12093
2327
2533
12387
8880
6850
4182
10347
561
2630
9761
11907
5666
1385
12136
12739
6087
6015
11011
7741
11002
6515
14536
9287
12053
5763
3767
7344
8432
12080
6426
8153
6616
3343
11097
11445
11010
14159
14885
11582
13722
1488
2995
722
11048
8194
3168
3583
6554
5442
3653
3148
13094
10987
13713
2405
4916
3657
5959
14672
12432
1519
11641
13474
8226
4371
6099
1693
8479
12637
8895
12968
757
694
14448
11506
8189
6415
12709
8350
12009
5170
14072
5231
14475
13065
14948
4975
13393
3775
14235
11910
11952
1955
3058
10666
9179
1453
113
14415
13584
13241
1086
13240
5503
11025
4278
2239
6073
11548
3457
5643
11812
7683
13227
1725
11559
3825
4903
3130
12003
11989
13333
5972
4935
8835
5185
5219
11738
100
3566
9747
1484
2820
3292
9385
15021
11350
13682
2516
15022
11901
14116
2367
10739
2715
3975
2686
11277
2343
3204
14216
3772
135
2396
4362
14069
1872
1487
8157
2801
747
12506
5232
13368
2375
2339
13681
13507
8696
6945
5129
12022
7548
13095
11550
13703
3033
7922
3721
1533
4422
4984
5695
14125
7507
14883
13431
2933
6830
12899
14879
1370
2670
6014
1626
1780
584
13394
13002
12261
2827
4926
11070
14864
13400
6125
3972
13093
4377
5621
3184
8845
12407
11053
3851
1962
8000
2433
6280
5844
7250
13876
2643
7526
119
8924
649
12179
11009
4488
14110
3013
1253
7932
6159
11406
14666
11638
3526
2915
559
11796
502
8861
9138
1977
5364
3290
5156
617
2967
10257
2873
480
8507
12664
6684
9776
1888
11564
4201
5578
12327
13862
12403
4936
14565
1207
5761
12052
12213
1038
4004
9582
14947
12678
1181
3525
14734
9851
9698
641
9978
7544
9719
2826
9940
9996
9930
393
10936
21
12188
10065
6429
11584
7521
1940
1942
10077
11583
12413
10718
3063
11671
6430
9434
6421
9404
5462
14564
783
9699
2495
13744
8609
6413
3262
5524
5525
6293
14716
481
2829
11013
3348
8190
8906
1231
9915
7290
1297
8318
6441
13836
6450
7623
7862
2926
12909
6444
14137
4341
6896
1753
13947
10275
6185
6342
3045
6932
10922
6537
9137
5707
12846
2577
14492
601
7944
4048
3843
689
14152
3582
3201
12397
9331
9770
626
2100
669
9118
2869
11242
270
4541
12233
736
3698
8002
645
11696
180
2696
1155
4164
12010
2701
13829
10263
14708
2918
5034
5956
3158
12957
13704
5015
12631
3376
8951
8730
6285
14495
2350
3931
288
12401
13208
9205
13523
11899
3178
1261
10279
14863
9484
9916
6603
9252
9888
8349
8826
14444
14554
3771
8702
14157
11448
5338
14111
4418
10013
106
3839
9622
5498
220
5600
2956
5911
14112
2431
13848
3496
102
14753
9009
11762
13843
264
9010
970
10356
13964
10285
10991
7302
6649
13382
11341
336
3840
1527
9325
5648
10697
4554
1298
749
5229
9751
2920
6948
10845
9625
12151
8558
132
1313
9189
3866
5555
13642
14607
12853
12777
12376
1246
7419
10281
5247
3138
15105
11046
287
3279
2803
164
12211
475
13205
9938
167
575
6419
2804
11603
1524
2854
313
2994
6003
10047
5843
7092
10284
13826
11602
5796
8848
9995
12752
10649
159
12416
1422
12789
5454
5313
6113
2362
1079
8246
6129
5001
12775
8390
7025
13456
2269
11502
3706
10094
13422
10838
3849
9885
8769
13732
-1
EOF
