NAME : d1655sol
COMMENT : Length 74394
TYPE : TOUR
DIMENSION : 1655
TOUR_SECTION
1
13
19
25
31
37
36
30
24
18
17
23
29
35
41
47
53
54
48
42
43
49
55
61
67
66
60
59
65
64
58
52
46
40
34
28
22
16
14
20
26
32
38
44
50
56
62
68
70
77
80
87
88
89
86
90
85
82
75
81
76
71
72
73
74
83
84
91
97
96
95
94
98
110
107
106
105
104
101
102
108
111
114
115
118
119
122
123
126
127
128
125
124
121
120
117
116
113
112
109
103
100
99
93
92
79
78
621
620
619
618
617
616
615
593
600
599
592
589
566
553
558
554
559
567
588
587
586
585
584
542
552
541
523
530
529
531
512
522
511
494
501
495
502
496
503
513
521
528
532
543
551
555
560
568
583
594
601
614
613
612
611
610
609
608
607
622
623
624
625
628
634
644
675
674
686
685
709
710
715
716
717
708
728
718
707
699
700
687
673
672
671
670
698
706
719
727
732
737
738
733
739
740
741
714
711
701
684
693
694
702
712
713
1515
1507
1488
1471
1480
1506
1510
1516
1511
1505
1489
1481
1472
1464
1452
1443
1451
1437
1429
1416
1421
1442
1441
1436
1430
1422
1417
1406
1407
1408
1409
1410
1388
1379
1360
1350
1342
1326
1333
1354
1378
1383
1389
1384
1377
1361
1355
1351
1345
1343
1334
1329
1325
1315
1305
1298
1304
1314
1297
1291
1290
1289
1288
1287
745
744
746
747
748
749
750
751
752
753
754
755
756
757
1261
1262
1293
1292
1277
1278
1295
1302
1312
1328
1338
1336
1337
1327
1313
1279
1280
1281
1282
1283
1284
1285
1286
1316
1306
1299
1296
1303
1324
1330
1335
1344
1346
1352
1356
1362
1363
1357
1358
1359
1364
1365
1366
1367
1368
1369
1370
1371
1381
1387
1392
1397
1396
1398
1399
1400
1401
1402
1403
1404
1405
1376
1375
1374
1373
1372
1380
1386
1391
1385
1390
1435
1431
1423
1418
1415
1419
1440
1444
1453
1463
1473
1482
1490
1491
1508
1500
1501
1502
1503
1504
1517
1512
1518
1513
1519
1514
1509
1499
1492
1484
1483
1485
1493
1498
1520
1521
1522
1496
1497
1495
1494
1462
1461
1460
1465
1474
1486
1487
1475
1476
1525
1524
1523
1543
1542
1541
1540
1539
1538
1544
1537
1536
1535
1534
1533
1545
1546
1547
1548
1553
1554
1559
1558
1555
1552
1549
1550
1551
1556
1557
1562
1563
1568
1569
1574
1575
1580
1581
1586
1591
1592
1597
1598
1605
1606
1611
1612
1613
1610
1607
1604
1599
1596
1593
1590
1585
1582
1579
1576
1573
1570
1567
1564
1561
1560
1565
1566
1571
1572
1577
1578
1583
1584
1589
1594
1595
1600
1603
1608
1609
1614
1602
1601
1587
1588
1459
1470
1479
1532
1531
1530
1529
1478
1469
1458
1528
1527
1526
1477
1468
1457
1456
1467
1466
1455
1454
1450
1449
1448
1447
1446
1445
1438
1428
1414
1420
1427
1439
1432
1433
1434
1426
1425
1424
1413
1412
1411
1393
1394
1395
1382
1353
1349
1341
1340
1348
1347
1339
1317
1307
1308
1318
1319
1309
1294
1263
1264
1265
1266
1267
1268
1276
1275
1274
1655
1652
1651
1321
1311
1301
1300
1310
1320
1323
1331
1332
1322
1634
1633
1622
1625
1628
1631
1636
1639
1642
1645
1648
1647
1644
1643
1638
1637
1630
1629
1624
1623
1618
1617
1616
1619
1615
1620
1621
1626
1627
1632
1635
1640
1641
1646
1649
1650
1653
1654
1273
1272
1271
768
767
791
789
790
772
771
770
769
1250
1251
1252
1253
1270
1269
1254
765
764
1255
1256
763
766
792
793
794
795
821
822
823
858
859
860
881
880
879
892
854
825
826
827
845
855
893
894
904
915
914
918
919
920
939
938
937
987
974
953
954
955
971
975
972
956
903
895
896
901
877
872
856
842
829
828
844
830
843
857
873
878
897
902
917
932
916
931
935
957
936
958
966
977
965
976
988
1008
989
1009
1023
1033
1022
1032
1043
1056
1069
1044
1057
1070
1092
1100
1091
1099
1108
1123
1109
1124
1129
1152
1128
1151
1159
1167
1185
1193
1212
1216
1215
1217
1249
1248
1247
1218
1238
1237
1207
1205
1239
1240
1241
1242
1202
1171
1170
1203
1204
1169
1168
1164
1147
1106
1087
1071
1072
1073
1112
1111
1110
1130
1131
1132
1133
1113
1074
1048
1047
1046
1045
1041
1042
1035
1089
1088
1102
1107
1148
1149
1161
1165
1208
1209
1210
1211
1192
1184
1166
1158
1160
1150
1101
1090
1034
1021
1020
1019
1018
1010
1011
986
985
1012
1013
984
940
921
882
861
862
883
922
923
924
943
942
941
983
1014
1015
1016
982
981
980
1017
1024
1025
991
990
959
960
946
945
944
925
905
906
888
887
889
907
908
930
947
961
952
967
978
1006
1007
992
1026
1027
1005
1004
1003
1002
1028
1037
1054
1064
1083
1093
1094
1095
1082
1065
1053
1036
1066
1081
1120
1119
1118
1079
1080
1067
1068
1052
1078
1117
1116
1115
1076
1077
1051
1050
1049
1075
1114
1134
1172
1201
1243
1244
1245
1246
1219
1220
1186
1187
1177
1176
1175
1198
1200
1199
1174
1173
1135
1136
1137
1138
1139
1140
1141
1142
1143
1195
1214
1182
1156
1157
1178
1188
1183
1194
1213
1221
1236
1235
1234
1233
1232
1231
1230
1229
1228
1227
1197
1189
1179
1162
1153
1144
1125
1121
1103
1096
1084
1058
1059
1060
1063
1038
1029
1001
1000
999
998
933
948
962
970
979
968
951
929
909
910
926
911
898
890
874
869
851
836
837
838
839
810
811
814
835
850
866
867
868
849
834
815
812
833
848
846
847
832
831
816
865
886
885
884
863
864
817
818
819
820
796
797
762
761
1257
1258
1259
760
798
799
759
1260
758
800
801
802
803
773
774
775
776
804
777
778
779
780
805
806
781
782
783
784
785
807
809
840
841
852
870
871
853
824
813
808
786
787
788
743
742
876
900
928
913
875
891
899
912
927
934
949
963
969
964
950
973
993
994
995
996
997
1030
1039
1062
1085
1097
1104
1122
1098
1061
1040
1031
1055
1086
1105
1127
1155
1181
1206
1191
1146
1126
1145
1154
1163
1180
1190
1196
1226
1225
1224
1223
1222
213
212
211
210
209
214
220
229
224
225
226
236
235
234
245
255
256
257
258
268
269
270
283
290
301
311
318
325
332
331
326
327
328
329
319
312
297
298
299
300
291
292
293
294
284
276
267
264
259
247
240
237
227
228
238
239
246
260
265
266
277
285
295
296
313
320
330
364
374
377
384
396
401
404
413
405
406
407
392
382
393
394
395
373
363
361
362
372
371
366
357
351
346
347
348
349
350
365
375
376
383
397
402
403
414
467
457
450
433
432
422
421
431
430
429
428
420
427
438
437
436
435
434
449
448
455
456
466
465
464
463
462
461
454
447
412
408
400
389
385
378
370
360
355
340
339
338
337
336
333
334
335
352
356
367
381
390
391
419
418
426
425
417
443
442
441
440
439
453
460
459
452
451
445
444
424
416
411
409
410
415
423
446
458
132
133
136
137
140
141
144
145
148
149
152
153
156
157
345
344
343
342
341
354
359
369
379
386
388
399
398
387
380
368
358
353
161
164
170
173
178
177
174
169
165
172
175
176
179
180
183
185
188
191
192
195
190
193
194
196
197
198
199
200
201
202
203
204
218
223
233
241
248
252
263
271
275
280
303
288
304
305
306
323
316
324
317
310
302
289
281
282
254
253
244
230
208
207
206
205
215
219
217
222
232
242
249
251
262
272
274
279
287
307
315
322
321
314
309
308
286
278
273
261
250
243
231
221
216
189
184
182
181
186
187
171
168
167
166
162
163
160
159
158
155
154
151
150
147
146
143
142
139
138
135
134
131
129
130
484
483
482
481
480
479
478
477
476
475
474
473
472
471
470
468
469
489
490
498
508
518
519
526
540
545
546
557
565
575
576
598
597
606
605
604
596
603
602
595
590
582
569
561
562
563
550
571
570
581
591
580
579
578
572
573
549
548
538
537
536
525
535
534
533
524
510
500
493
492
485
486
505
504
499
509
514
515
516
506
487
488
491
497
507
517
520
527
539
544
547
556
564
574
577
635
627
626
645
655
656
663
683
682
677
681
676
664
657
654
653
652
642
643
641
651
662
646
636
629
661
647
637
630
633
640
650
658
665
669
680
688
692
697
691
696
704
724
723
722
721
705
720
731
736
730
735
734
729
726
725
703
695
690
678
679
689
632
639
649
659
666
668
667
660
648
638
631
69
63
57
51
45
39
33
27
21
15
8
7
4
3
2
5
6
9
10
11
12
-1
EOF
