NAME : d198sol
COMMENT : Length 17645
TYPE : TOUR
DIMENSION : 198
TOUR_SECTION
1
2
3
4
40
41
14
15
16
17
18
19
20
21
25
24
27
26
34
33
39
35
48
49
50
51
47
52
46
65
76
81
96
101
102
103
104
105
114
113
116
115
122
121
117
118
119
123
139
154
155
156
157
158
159
160
161
153
148
147
142
140
134
132
131
130
133
135
141
143
146
149
152
162
138
124
125
126
169
120
110
109
108
170
127
137
151
150
145
144
136
129
128
171
172
166
165
164
163
190
189
188
191
192
193
186
187
185
184
180
178
194
179
195
196
197
198
174
175
177
181
183
176
173
182
168
167
107
111
112
106
63
79
92
91
80
64
77
78
93
94
95
90
89
97
82
75
62
53
37
36
32
30
29
28
22
23
31
38
45
54
61
66
74
83
88
98
87
99
100
86
85
71
69
68
67
73
72
84
70
60
59
56
55
44
43
42
57
58
13
12
11
10
9
8
5
6
7
-1
EOF
