NAME : d2103sol
COMMENT : Length 107305
TYPE : TOUR
DIMENSION : 2103
TOUR_SECTION
1
2
3
4
5
806
807
808
761
762
809
763
719
718
717
711
712
705
704
655
656
657
609
610
611
659
658
708
722
721
720
765
764
810
811
766
767
812
805
768
724
723
726
725
769
813
814
815
773
729
728
772
771
770
727
667
666
665
664
663
662
661
660
612
613
614
615
616
617
618
619
562
561
560
515
514
513
512
511
559
558
557
556
555
510
509
508
507
506
554
553
604
603
608
607
602
599
596
593
549
550
597
598
552
551
505
504
503
546
502
499
450
451
494
497
498
493
453
452
409
408
404
403
410
454
455
456
457
458
414
413
412
411
363
364
365
366
367
368
369
417
416
415
459
460
461
462
418
419
420
421
422
423
424
425
426
427
428
429
430
431
475
474
473
472
471
470
469
468
467
466
465
464
463
518
517
516
563
564
565
566
567
520
519
523
522
521
568
569
570
627
626
625
673
674
675
672
624
623
622
621
620
668
669
670
671
733
732
731
730
775
774
816
817
776
777
818
819
778
734
737
736
735
779
804
820
821
780
781
782
783
822
739
738
676
677
629
628
571
572
525
524
528
527
526
573
574
575
632
631
630
678
679
680
742
741
740
784
785
786
787
788
744
743
746
745
789
790
791
792
793
749
748
747
685
686
687
639
638
637
636
635
683
684
681
682
634
633
576
577
530
529
532
531
578
579
580
581
582
535
534
533
482
481
480
479
478
477
476
432
433
434
435
436
437
438
390
389
388
346
345
344
343
342
387
386
385
384
341
340
289
290
243
242
245
244
291
292
293
294
295
248
247
246
174
175
176
177
178
179
180
181
182
183
241
240
239
286
287
288
339
338
337
383
382
381
380
379
336
335
334
333
332
232
233
280
279
278
277
276
229
230
231
193
192
191
190
189
188
187
186
185
184
237
238
285
284
283
282
281
234
235
236
378
377
376
375
374
331
330
329
328
327
373
372
371
370
326
325
324
323
322
321
320
319
268
269
270
271
224
223
222
226
225
272
273
274
275
228
227
194
195
196
197
198
199
200
201
126
127
128
129
130
131
132
133
134
135
136
137
138
139
140
141
142
143
96
95
50
51
859
858
857
856
855
47
48
49
94
93
92
91
46
854
901
902
903
904
905
906
907
908
909
862
861
860
52
53
54
99
98
97
144
145
146
147
148
149
150
151
152
153
106
105
104
59
60
61
869
868
867
866
865
57
58
103
102
101
100
55
56
864
863
910
911
912
913
914
915
916
917
870
62
107
154
155
156
157
158
159
112
111
110
109
108
63
64
65
66
67
875
874
873
872
871
918
919
920
921
922
923
924
925
926
879
71
116
115
70
878
877
876
68
69
114
113
160
161
162
163
164
165
166
167
256
255
302
303
304
257
258
305
356
400
399
355
354
353
398
397
396
395
394
352
351
350
349
348
297
298
299
300
301
254
253
252
168
169
170
171
172
173
251
250
249
296
347
393
392
391
439
440
441
442
443
444
445
446
447
448
492
491
490
489
488
487
486
485
484
483
538
537
536
583
640
688
750
794
795
796
797
798
1317
799
755
754
753
752
751
689
690
691
692
693
645
644
643
642
641
584
585
586
587
588
541
540
539
543
542
589
590
591
544
545
592
649
697
696
648
647
646
694
695
757
756
800
801
802
758
759
803
1318
1377
1378
1437
1438
1497
1494
1495
1496
1439
1440
1435
1436
1379
1380
1375
1376
1319
1320
1321
1322
1323
1324
1371
1372
1373
1374
1370
1325
1326
1327
1328
1329
1366
1367
1368
1369
1386
1387
1388
1389
1426
1427
1428
1429
1430
1385
1381
1382
1383
1384
1431
1432
1433
1434
1441
1442
1443
1444
1491
1492
1493
1489
1490
1445
1446
1447
1448
1449
1486
1487
1488
1509
1508
1507
1506
1505
1504
1503
1502
1501
1500
1499
1498
1557
1556
1555
1554
1553
1552
1551
1550
1549
1548
1547
1546
1545
1544
1543
1542
1541
1540
1539
1538
1537
1536
1535
1534
1533
1532
1531
1530
1529
1528
1527
1526
1525
1524
1523
1522
1521
1520
1519
1518
1517
1516
1515
1514
1513
1512
1511
1510
1484
1485
1450
1425
1390
1365
1330
1331
1332
1333
1334
1335
1336
1337
1338
1339
1356
1357
1358
1359
1360
1361
1362
1363
1364
1391
1392
1393
1394
1395
1396
1397
1398
1399
1416
1417
1418
1419
1420
1421
1422
1423
1424
1451
1452
1453
1454
1481
1482
1483
1479
1480
1455
1456
1457
1458
1459
1476
1477
1478
1474
1475
1460
1461
1462
1463
1464
1471
1472
1473
1468
1469
1470
1465
1466
1467
1407
1408
1409
1410
1411
1412
1413
1414
1415
1400
1355
1340
1341
1342
1343
1344
1345
1350
1351
1352
1353
1354
1401
1402
1403
1404
1405
1406
1348
1349
1346
1347
2068
2072
2071
2070
2069
2064
2065
2066
2067
2073
2063
2062
2061
2060
2059
2058
2057
2056
2055
2082
2081
2078
2077
2074
2075
2076
2079
2080
2083
2084
2085
1707
1648
1647
1588
1587
1586
1585
1584
1589
1590
1591
1592
1593
1642
1643
1644
1645
1646
1649
1650
1651
1706
1705
1704
1703
1702
1701
1652
1653
1654
1641
1594
1583
1582
1581
1580
1579
1578
1595
1596
1597
1598
1599
1577
1576
1575
1574
1573
1600
1601
1602
1603
1604
1631
1632
1633
1634
1635
1660
1661
1662
1658
1659
1636
1637
1638
1639
1640
1655
1656
1657
1700
1699
1698
1697
1696
1695
1694
1693
1692
1691
1690
1663
1664
1665
1630
1605
1572
1571
1570
1569
1568
1567
1606
1607
1608
1609
1610
1566
1565
1564
1563
1562
1611
1612
1613
1614
1621
1622
1623
1624
1671
1672
1673
1669
1670
1625
1626
1627
1628
1629
1666
1667
1668
1689
1688
1687
1686
1685
1684
1683
1682
1681
1680
1679
1674
1675
1676
1619
1620
1615
1616
1561
1560
1559
1558
1617
1618
1677
1678
1737
1738
1797
1798
1857
1856
1855
1800
1799
1796
1795
1740
1739
1736
1735
1734
1733
1732
1731
1730
1729
1728
1727
1726
1725
1724
1723
1722
1721
1720
1719
1718
1717
1716
1715
1714
1713
1712
1711
1710
1709
1708
2086
2087
2088
2089
2090
2094
2091
2092
2093
2095
1947
1946
1949
1948
2096
2100
2097
2098
2099
2103
2102
2101
2011
2010
2009
2008
2007
2006
2005
2004
1951
1950
1945
1944
1943
1942
1952
1953
1954
2001
2002
2003
2012
2013
2014
2054
2053
2052
2051
2015
2016
1999
2000
1955
1956
1941
1940
1939
1938
1937
1957
1958
1959
1960
1961
1936
1935
1934
1933
1932
1962
1963
1964
1991
1992
1993
1994
2021
2022
2023
2019
2020
1995
1996
1997
1998
2017
2018
2050
2049
2048
2047
2046
2045
2044
2043
2024
2025
2026
1989
1990
1965
1966
1931
1930
1929
1906
1905
1904
1903
1902
1901
1900
1899
1898
1897
1896
1895
1894
1893
1892
1891
1890
1889
1888
1887
1886
1885
1884
1883
1882
1881
1880
1834
1835
1820
1821
1822
1823
1824
1831
1832
1833
1830
1825
1826
1827
1828
1829
1767
1766
1768
1769
1770
1765
1764
1763
1762
1771
1772
1773
1774
1775
1761
1760
1759
1758
1757
1776
1777
1778
1779
1780
1756
1755
1754
1753
1752
1781
1782
1783
1784
1811
1812
1813
1814
1841
1842
1843
1839
1840
1815
1816
1817
1818
1819
1836
1837
1838
1879
1878
1877
1876
1875
1874
1873
1872
1871
1870
1869
1844
1845
1846
1809
1810
1785
1786
1751
1750
1749
1748
1747
1746
1745
1744
1743
1742
1741
1794
1793
1792
1791
1790
1789
1788
1787
1808
1807
1806
1805
1804
1803
1802
1801
1854
1853
1852
1851
1850
1849
1848
1847
1868
1867
1907
1908
1909
1910
1911
1866
1865
1864
1863
1862
1912
1913
1914
1915
1916
1861
1860
1859
1858
1917
1976
1975
1920
1919
1918
1977
1974
1921
1922
1923
1972
1973
1969
1970
1971
1924
1925
1926
1927
1928
1967
1968
1988
1987
1986
2029
2028
2027
2042
2041
2040
2039
2038
2031
2030
1985
1984
1982
1983
2032
2033
2034
1981
1978
1979
1980
2035
2036
2037
1309
1316
1308
1307
1306
1305
1304
1303
1302
1301
1300
1299
1298
1297
1296
1295
1294
1293
1226
1178
1121
1120
1075
1076
1077
1078
1079
1124
1123
1122
1182
1181
1180
1179
1227
1228
1229
1230
1231
1232
1233
1234
1186
1185
1184
1183
1127
1126
1125
1080
1081
1082
1083
1084
1129
1128
1187
1235
1028
981
980
1027
1026
1025
979
978
977
976
975
1024
1023
1022
1021
1020
1019
974
973
972
971
970
969
1018
1017
1016
1015
1014
968
967
966
965
1013
1012
1011
1010
1009
964
963
962
961
960
1008
1007
1006
1005
1004
1103
1104
1059
1058
1057
1056
1055
1100
1101
1102
1158
1159
1160
1161
1209
1245
1208
1207
1206
1244
1266
1267
1268
1269
1270
1271
1272
1273
1310
1274
1275
1276
1277
1278
1279
1280
1281
1282
1283
1284
1285
1286
1220
1219
1171
1172
1173
1174
1222
1221
1287
1288
1289
1290
1291
1292
1225
1224
1223
1175
1176
1177
1117
1118
1119
1074
1073
1072
1071
1070
1115
1116
1113
1114
1069
1068
1067
1066
1065
1110
1111
1112
1168
1169
1170
1218
1217
1216
1215
1214
1213
1212
1211
1210
1162
1163
1164
1165
1166
1167
1108
1109
1064
1063
1062
1061
1060
1105
1106
1107
959
958
957
956
955
1003
1002
1001
1000
999
954
953
952
897
898
899
900
853
852
851
850
42
43
44
45
90
89
88
87
86
85
84
83
38
39
40
41
849
848
847
846
845
37
82
81
80
79
34
35
36
844
843
842
889
890
891
892
893
894
895
896
951
950
949
998
997
996
995
994
948
947
946
945
944
993
992
991
990
989
943
942
887
888
841
840
20
24
23
29
21
829
830
836
837
838
839
886
932
931
885
884
880
883
927
930
936
938
939
940
941
988
987
986
982
985
1029
1032
1035
1038
1033
1034
1044
1043
1042
1039
1130
1132
1133
1087
1088
1089
1091
1090
1045
1046
1047
1048
1049
1094
1093
1092
1096
1095
1050
1051
1052
1053
1054
1099
1098
1097
1157
1156
1155
1154
1153
1152
1151
1150
1198
1199
1200
1239
1201
1202
1238
1237
1203
1204
1205
1236
1315
1314
1313
1312
1265
1264
1263
1262
1261
1246
1247
1260
1259
1258
1248
1196
1197
1149
1148
1136
1135
1137
1138
1142
1143
1145
1146
1147
1195
1194
1311
1257
1249
1250
1251
1252
1253
1193
1192
1240
1241
1191
1242
1254
1255
1256
1243
1190
1189
1188
1144
1141
1140
1139
1134
1131
1086
1085
1040
1041
1037
1036
1031
1030
984
983
937
935
934
933
929
928
882
881
835
22
826
828
831
832
833
834
827
823
824
825
28
26
25
27
72
73
74
118
119
121
122
123
120
117
76
75
30
31
32
33
78
77
124
125
202
221
220
267
318
362
361
360
359
402
405
407
406
449
14
13
12
16
17
18
19
357
311
310
307
306
262
261
260
259
212
215
214
213
209
206
205
207
204
203
208
211
219
218
210
217
216
263
308
264
265
266
309
313
317
316
315
312
314
358
401
15
501
500
496
495
547
548
594
595
600
601
605
606
651
652
653
654
650
698
703
706
709
713
716
715
8
760
6
700
699
702
701
707
710
714
9
10
11
7
-1
EOF
