NAME : d493sol
COMMENT : Length 41616
TYPE : TOUR
DIMENSION : 493
TOUR_SECTION
1
3
2
4
5
8
7
6
9
10
11
12
17
15
16
18
20
19
66
67
69
68
70
73
72
71
74
78
80
81
83
84
85
86
96
79
82
76
75
77
90
88
89
91
92
93
94
103
109
143
151
157
158
165
178
214
226
270
275
288
274
302
315
307
316
320
328
339
332
348
335
491
492
362
372
395
401
384
373
361
347
354
366
379
394
426
489
486
480
478
430
421
427
428
490
488
487
485
484
493
476
482
479
475
474
477
481
453
454
455
456
442
441
440
439
438
437
436
435
434
446
447
448
449
450
451
452
483
473
472
468
469
470
471
460
444
445
459
433
425
396
381
368
357
343
330
333
346
338
353
360
374
365
359
375
356
340
403
404
405
406
407
408
386
378
393
383
400
412
413
414
415
416
417
418
419
420
410
388
402
387
380
367
376
351
363
355
344
331
336
324
311
300
287
286
303
319
308
296
295
312
313
322
329
291
280
279
289
290
309
327
314
306
321
318
304
273
242
243
256
244
245
257
258
246
247
248
261
260
259
281
282
283
292
293
294
284
285
263
262
249
250
251
252
264
253
254
265
239
232
237
220
221
233
238
234
229
228
227
219
213
217
208
212
202
203
207
204
200
205
199
195
196
183
177
193
188
192
191
187
184
164
168
153
141
124
118
111
104
102
110
114
115
120
123
130
127
136
146
156
148
147
135
137
131
133
134
138
142
140
144
150
169
172
179
166
162
160
167
180
174
176
175
171
159
154
152
145
132
129
125
121
117
107
112
113
119
108
105
100
95
97
98
101
99
106
116
122
128
126
155
161
173
170
163
149
139
65
55
54
56
58
59
60
87
64
63
62
61
57
53
14
13
52
48
50
49
51
41
43
44
46
45
47
42
22
24
23
301
266
269
225
235
224
21
181
190
201
210
216
209
194
186
189
185
182
206
211
218
223
231
241
267
271
278
299
310
323
337
325
317
341
352
349
350
364
377
389
358
371
390
411
397
409
424
432
431
443
458
461
463
465
467
466
464
462
457
398
382
391
369
370
345
326
342
334
268
272
276
297
236
230
215
197
198
222
255
240
305
277
298
385
25
429
422
423
399
392
26
27
31
30
29
28
32
34
33
36
38
39
35
37
40
-1
EOF
