NAME : d657sol
COMMENT : Length 60905
TYPE : TOUR
DIMENSION : 657
TOUR_SECTION
1
2
3
11
12
13
22
25
10
9
8
34
37
33
36
40
42
45
41
29
21
17
15
16
18
14
19
20
445
446
448
447
443
450
449
451
454
453
452
456
462
455
466
468
461
460
474
457
458
476
478
479
480
477
473
483
487
488
494
489
490
493
513
514
517
518
519
522
527
526
528
475
521
520
516
515
485
482
481
486
491
497
499
500
496
501
508
504
502
503
505
127
137
134
509
510
529
552
544
543
542
541
539
540
524
523
525
531
534
530
532
533
536
535
537
538
545
548
549
550
551
556
555
554
559
546
547
553
629
630
631
632
633
634
636
635
639
640
641
642
637
638
643
644
645
647
646
648
649
652
651
650
653
654
656
627
655
628
563
562
569
570
572
565
561
564
566
567
558
557
560
512
568
571
174
511
160
175
161
153
136
126
507
506
125
128
145
146
176
212
223
217
206
204
194
190
183
184
195
201
202
203
258
267
259
274
266
297
298
281
593
280
590
596
602
606
609
603
612
613
620
614
616
617
618
619
621
409
623
357
338
608
611
607
601
599
307
332
356
361
394
427
428
625
626
624
622
615
610
605
604
600
598
597
592
595
584
585
586
589
591
594
588
580
576
657
573
577
578
574
575
582
583
579
587
247
230
581
214
213
246
279
286
282
302
296
303
331
320
337
344
355
376
381
384
382
419
429
412
418
430
435
434
413
408
404
395
377
375
369
367
340
360
364
385
380
386
396
403
407
414
426
393
383
368
363
353
339
345
354
317
316
330
333
315
314
329
334
292
284
287
283
268
245
234
257
275
273
278
250
224
193
189
177
147
135
124
110
96
109
95
90
77
84
89
88
498
495
492
68
484
472
471
52
63
57
83
97
101
112
111
152
154
159
151
144
123
113
107
108
82
76
72
81
106
91
105
122
150
155
148
162
149
140
114
121
100
93
87
56
71
59
67
62
48
44
467
465
469
459
463
464
442
444
441
26
32
470
35
47
43
39
38
31
28
27
24
23
30
49
60
58
53
51
55
50
46
69
64
75
66
70
73
86
119
115
104
120
158
141
133
116
99
103
92
98
94
85
78
74
102
117
129
131
138
156
169
179
186
173
191
197
207
210
218
199
200
198
196
192
187
181
182
166
188
205
226
237
241
265
264
235
219
221
231
240
254
262
272
318
324
325
304
300
294
289
309
335
347
341
336
346
362
373
390
401
405
416
422
440
423
437
436
431
388
378
387
366
370
351
359
374
411
415
406
402
433
424
432
425
420
397
379
358
352
319
313
306
312
328
305
285
260
256
251
243
244
229
225
227
208
168
167
185
180
178
171
170
172
222
216
233
242
228
209
215
220
253
252
248
261
255
249
276
288
293
295
269
271
277
301
311
321
327
326
322
310
343
365
349
350
371
389
398
399
392
410
421
438
439
417
391
400
372
348
342
323
308
299
290
291
263
270
238
232
236
239
211
164
165
163
143
139
157
142
132
130
80
79
118
6
7
65
54
61
5
4
-1
EOF
