NAME : fl1400
COMMENT : Length 27664
TYPE : TOUR
DIMENSION : 1400
TOUR_SECTION
1
1323
1212
1211
1210
1322
1378
1382
1213
1214
1215
1324
396
422
336
494
398
424
338
496
400
426
340
498
402
428
342
500
404
344
430
502
406
346
432
375
312
372
309
369
306
366
303
363
300
360
297
1379
115
216
1384
1313
1203
1204
1205
1314
1376
1315
1316
1190
395
469
335
445
397
471
337
447
399
473
339
449
401
475
341
451
403
477
343
453
405
479
345
431
374
311
501
371
429
308
499
368
427
305
497
365
425
302
495
362
423
299
493
359
421
296
1305
1189
1373
1188
1187
1186
1304
1185
1303
1184
1183
1182
1302
1181
1301
1180
1372
1300
1312
1202
1222
1223
1224
1225
1226
1227
1328
1228
1229
1230
1329
1330
1331
470
446
472
448
474
450
476
452
478
454
480
298
361
301
364
304
367
310
373
313
376
370
307
237
135
242
37
142
39
41
136
238
334
468
394
492
331
466
391
490
328
464
388
488
325
462
385
486
322
460
382
484
319
458
379
482
316
456
408
348
410
350
412
438
321
485
437
411
459
508
436
381
318
506
378
347
433
407
481
315
434
504
455
503
314
377
317
505
457
409
483
349
435
380
507
320
383
509
351
461
413
487
439
323
386
326
441
389
329
513
465
417
491
393
467
515
357
443
392
332
419
333
516
444
330
514
390
355
489
442
512
327
463
415
511
353
387
440
324
384
510
352
414
354
416
356
418
358
420
217
218
7
213
6
112
8
201
117
116
131
236
33
34
130
233
129
232
27
120
18
222
19
15
13
121
203
124
21
16
223
17
24
128
205
234
125
229
127
31
137
140
141
239
134
32
35
207
30
28
206
23
228
22
20
225
123
25
227
226
126
230
122
224
202
119
14
204
26
29
231
36
208
235
132
133
12
219
221
114
11
10
113
9
110
214
215
111
5
1231
1232
1233
1234
1235
1236
1332
1385
1237
1238
1239
1333
1334
1335
691
667
693
669
695
671
528
588
525
585
522
582
519
518
617
643
557
715
619
645
559
717
621
647
561
719
623
527
622
526
586
646
560
718
670
587
694
524
620
523
583
558
716
668
584
692
521
666
581
690
642
556
714
618
644
520
580
517
616
1201
1311
1200
1375
1320
1199
1198
1377
1197
1310
1196
1309
1195
1318
1194
1193
1308
1192
1307
1191
1374
1306
1380
1317
1325
1216
1206
1217
1218
1383
1326
1207
1208
1209
1219
1319
1220
1221
1381
1321
1327
220
118
243
38
143
40
138
240
603
540
600
537
597
534
594
531
591
697
673
699
675
701
677
703
679
705
681
707
683
709
685
711
687
713
689
641
579
639
577
663
735
665
737
554
614
551
611
710
576
686
638
712
578
688
640
736
553
613
664
550
734
610
662
547
732
607
660
544
730
604
658
541
728
656
601
538
726
598
654
535
724
595
652
532
722
592
650
529
720
589
648
696
562
672
624
698
564
674
626
700
566
676
628
702
568
678
630
704
570
680
632
706
572
682
634
708
574
684
636
548
608
545
605
542
602
539
599
536
596
533
593
530
590
649
721
651
723
653
725
655
727
657
729
659
731
661
733
637
575
635
573
633
571
631
569
629
567
627
565
625
563
42
139
549
609
546
606
543
241
612
552
615
555
3
246
147
251
247
149
250
45
47
150
249
50
53
252
152
54
52
151
153
156
58
59
56
255
155
55
254
158
259
61
200
212
4
1400
997
1083
1131
1179
1021
1057
1155
994
1129
1054
1153
1019
1105
1175
1079
991
1127
1051
1151
988
1125
1048
1149
985
1123
1045
1147
1013
1099
1169
1073
982
1121
1042
1145
979
1119
1039
1143
976
1117
1036
1007
1093
1067
1141
973
1115
1033
1005
1163
1091
1065
1139
970
1113
1030
1003
1161
1089
1063
1137
967
1111
1027
1135
964
1109
1157
999
1024
1133
1085
1059
961
1371
1363
1395
1281
1370
1369
1279
1299
1298
1297
1368
1399
1296
1295
1294
1397
1293
1292
1276
1361
1291
1394
1353
1266
1277
1278
1354
1362
1267
1268
1269
1355
1280
1356
1357
960
1132
1023
1108
1134
963
1061
1087
1001
1159
1026
1110
966
1136
1029
1112
969
1138
1032
1114
972
1140
1035
1116
975
1165
1069
1009
1095
1142
1038
1118
978
1167
1071
1011
1097
1144
1041
1120
981
1146
1044
1122
984
1171
1075
1015
1101
1148
1047
1124
987
1173
1077
1017
1103
1150
1050
1126
990
1152
1053
1128
993
1177
1081
1107
1154
1056
1130
996
959
1022
962
1025
965
1028
968
1031
971
1034
974
1037
977
1040
980
1043
983
1046
986
1049
989
1052
992
1055
995
1082
1178
1020
1106
1080
1176
1018
1104
1078
1174
1016
1102
1076
1172
1014
1100
1074
1170
1012
1098
1072
1168
1010
1096
1070
1166
1008
1094
1068
1164
1006
1092
1066
1162
1004
1090
1064
1160
1002
1088
1062
1158
1000
1086
1060
1156
998
1084
1058
1261
1347
1260
1259
1391
1345
1255
1254
1253
1344
1252
1343
1251
1342
1388
1256
1346
1257
1258
1389
103
105
102
294
96
197
104
196
195
293
188
90
283
83
89
280
78
74
185
289
101
292
192
193
194
284
84
277
79
179
75
281
182
85
211
80
269
65
268
169
267
67
71
274
68
173
174
275
72
170
210
157
258
51
48
248
49
43
244
148
146
145
245
46
154
253
161
159
60
257
256
57
44
263
162
62
264
166
164
262
163
261
63
70
273
178
181
177
88
288
184
187
191
291
100
106
108
295
99
290
189
190
95
92
287
282
87
82
279
183
171
172
266
168
175
270
276
176
73
271
272
69
66
167
186
97
93
94
98
198
286
86
180
77
278
81
285
91
199
109
107
1245
1340
1246
1247
1387
1352
1351
1274
1350
1265
1264
1263
1359
1349
1272
1271
1262
1348
1392
1282
1358
1270
1283
1284
1396
1285
1286
1287
1398
1364
1288
1289
1290
1273
1365
1366
1275
1393
1360
1367
740
838
864
912
803
778
936
888
743
914
806
890
746
916
842
868
940
782
809
892
749
918
844
870
942
784
894
812
752
920
846
872
786
815
755
896
922
818
898
758
924
821
761
900
926
824
764
902
854
950
880
794
928
827
904
767
930
830
770
906
932
833
908
773
934
836
910
776
862
958
775
909
835
933
886
800
860
956
772
907
931
832
884
798
858
954
769
905
829
929
882
796
856
952
766
903
826
927
763
901
925
823
878
792
852
948
760
899
820
923
876
790
850
946
757
897
921
817
874
788
848
944
754
895
814
919
751
893
811
748
917
891
808
915
745
889
805
938
780
840
866
742
913
887
802
911
739
738
801
741
804
744
807
747
810
750
813
753
816
756
819
759
822
762
825
765
828
768
831
771
834
774
861
957
799
885
859
955
797
883
953
857
795
881
855
951
793
879
949
853
791
877
947
851
789
875
849
945
787
873
943
847
785
871
845
783
941
869
843
939
781
867
841
937
779
865
839
777
935
863
837
1250
1341
1249
1248
1390
1339
1244
1243
1242
1338
1241
1337
1240
1336
1386
2
76
64
265
165
260
160
144
209
-1
EOF
