NAME : fl1577
COMMENT : Length 31530
TYPE : TOUR
DIMENSION : 1577
TOUR_SECTION
1
2
25
24
23
3
4
5
22
6
7
11
37
46
55
74
81
94
99
93
92
100
133
134
163
166
165
164
167
168
169
170
171
172
173
174
175
176
177
178
179
180
181
182
183
184
185
186
187
188
189
190
191
192
193
289
288
284
285
286
287
290
291
292
293
294
295
296
297
298
299
300
303
304
305
306
307
308
309
310
311
386
385
556
555
554
553
571
570
655
654
653
662
661
658
659
660
656
569
568
657
567
566
565
564
563
562
799
800
801
802
883
884
885
886
887
888
889
890
891
892
893
894
876
877
878
879
880
804
805
806
807
747
748
749
561
560
559
558
557
746
808
809
810
811
812
813
814
815
816
817
818
819
820
821
822
823
824
825
826
827
828
829
832
833
834
835
836
837
838
839
840
841
842
845
846
847
848
849
850
851
852
853
854
855
858
859
860
861
862
865
866
867
868
869
872
873
874
875
871
870
864
863
857
856
844
843
831
830
1030
1031
1035
1034
1033
1032
1029
1028
1027
1026
1025
1024
1023
1022
1021
1020
1019
1018
1017
1016
1015
1014
1013
1012
1011
1064
1063
1010
1009
1008
1007
1050
1051
1052
1053
1061
1076
1075
1074
1073
1080
1079
1078
1091
1088
1087
1138
1139
1202
1203
1204
1205
1404
1494
1536
1495
1405
1452
1415
1414
1413
1412
1411
1410
1409
1408
1407
1406
1463
1505
1462
1461
1503
1460
1502
1459
1458
1457
1456
1455
1454
1453
1537
1496
1538
1497
1539
1498
1540
1499
1541
1500
1542
1501
1543
1544
1545
1504
1546
1547
1562
1561
1560
1559
1512
1558
1557
1556
1555
1554
1553
1552
1509
1508
1551
1550
1549
1506
1548
1464
1465
1507
1466
1467
1468
1469
1470
1510
1511
1471
1472
1513
1514
1427
1426
1425
1424
1423
1422
1421
1420
1419
1418
1417
1416
1048
1047
1046
1045
1044
1043
1042
1041
1040
1039
1038
1037
1036
1111
1110
1109
1108
1107
1106
1105
1104
1103
1112
1113
1114
1115
1116
1117
1118
1119
1120
1121
1122
1123
1124
1125
1126
1127
1128
1129
1130
1131
1132
1133
1134
1135
1136
1137
1092
1093
1094
1095
1096
1097
1085
1084
1086
1083
1082
1081
1062
1072
1071
1070
1049
1069
1068
1067
1066
1065
954
955
956
993
992
991
990
968
967
966
965
964
963
962
961
960
959
958
957
946
945
944
985
1001
1000
999
998
976
975
986
987
997
988
996
989
995
994
970
969
953
952
951
950
971
972
973
949
974
948
947
981
982
1005
1056
1057
1004
1058
1059
1060
1099
1100
1433
1476
1432
1475
1517
1516
1431
1430
1429
1474
1428
1473
1563
1515
1564
1565
1566
1518
1567
1477
1568
1569
1479
1570
1571
1519
1520
1572
1573
1521
1574
1575
1523
1576
1577
1439
1438
1522
1481
1480
1437
1436
1435
1478
1434
1445
1398
1446
1399
1447
1400
1448
1401
1449
1402
1450
1403
1451
1535
1493
1534
1492
1533
1491
1532
1490
1531
1489
1530
1488
1529
1487
1528
1486
1527
1485
1526
1484
1525
1483
1524
1482
1392
1440
1393
1441
1394
1442
1395
1443
1396
1444
1397
1185
1186
1192
1193
1199
1200
1201
1198
1197
1196
1195
1194
1191
1190
1189
1188
1187
1184
1183
1182
1181
1180
1179
1178
1177
1176
1175
1174
1173
1172
1171
1170
1169
1168
1167
1166
1165
1164
1163
1162
1161
1160
1159
1158
1157
1156
1155
1154
1153
1152
1151
1150
1149
1148
1147
1146
1145
1144
1143
1142
1141
1140
1101
1098
1089
1102
1090
1077
1054
1055
1006
983
1003
984
1002
977
943
978
942
979
941
980
940
939
938
937
795
794
793
792
791
790
789
788
787
786
785
784
783
782
781
780
779
778
777
776
775
774
773
772
771
770
769
768
767
766
765
764
667
668
669
670
671
672
644
581
580
579
578
577
576
649
648
647
646
645
745
744
743
742
673
674
675
676
640
639
585
584
583
582
643
642
641
741
740
739
738
737
637
636
635
634
590
589
588
587
586
638
677
678
679
680
681
736
735
734
733
732
682
683
684
685
686
630
595
594
593
592
591
633
632
631
731
730
729
728
727
687
688
689
690
691
625
600
599
598
597
596
629
628
627
626
726
725
724
723
692
693
694
695
621
620
604
603
602
601
624
623
622
722
721
720
719
718
618
617
616
609
608
607
606
605
619
696
697
698
699
700
717
716
715
714
701
615
614
613
612
611
610
705
706
707
708
709
710
711
704
702
703
713
712
798
797
796
928
927
926
925
924
923
922
921
920
919
918
917
916
915
914
913
912
911
910
909
908
907
906
905
904
903
902
901
900
899
898
897
896
895
936
935
934
929
930
931
932
933
881
882
803
750
751
752
753
754
755
756
757
758
759
760
761
762
763
666
665
664
663
652
651
650
575
574
573
572
550
551
552
549
548
547
546
543
544
545
542
541
540
539
536
537
538
535
534
533
532
529
530
531
528
527
526
525
522
523
524
521
520
519
518
517
516
515
514
513
512
511
510
509
508
507
506
505
486
485
484
483
431
429
430
487
488
489
162
161
160
159
158
148
147
146
145
144
143
135
96
97
98
110
111
109
112
108
106
107
113
114
115
95
80
79
78
76
75
77
42
41
43
44
45
38
39
40
16
8
17
18
19
20
9
10
21
57
56
58
1365
1366
1367
1368
1369
1370
1371
1372
1373
1374
1311
1312
1280
1281
1220
1221
1222
1223
1224
1225
1226
1227
1228
1229
1275
1276
1277
1278
1279
1313
1314
1315
1316
1298
1297
1296
1299
1300
1301
1302
1303
1304
1305
1306
1307
1284
1285
1286
1287
1288
1289
1290
1291
1292
1293
1294
1295
1206
1207
1208
1209
1210
1211
1212
1213
1214
1215
1216
1217
1218
1219
1282
1283
1308
1309
1310
1375
1376
1377
1378
1379
1380
1381
1382
1383
1384
1385
1386
1387
1388
1389
1390
1391
149
150
312
313
314
315
316
317
318
319
320
321
322
323
324
325
326
327
328
329
330
331
332
333
334
335
336
337
338
428
432
482
492
491
490
504
503
493
494
495
496
497
498
499
500
501
502
472
473
474
475
476
477
478
479
480
481
433
427
426
425
339
340
341
342
424
423
422
421
343
344
345
346
347
420
419
418
441
440
439
438
437
436
435
434
469
470
471
416
417
348
349
350
351
352
353
354
355
356
357
358
359
360
361
404
405
406
407
408
409
410
411
412
413
414
415
468
467
466
465
462
463
464
461
460
459
458
455
456
457
402
403
362
363
364
365
366
367
368
369
370
371
372
373
374
375
390
391
392
393
394
395
396
397
398
399
400
401
454
453
452
451
449
450
442
443
444
445
446
448
447
389
388
387
376
377
378
379
380
381
382
383
384
302
301
125
124
123
122
121
120
119
118
117
116
126
127
128
129
130
131
132
101
82
72
73
54
53
71
83
84
85
70
59
60
52
61
51
62
50
69
86
87
68
67
66
89
88
102
103
104
90
65
64
91
105
63
151
152
155
201
200
156
157
199
198
197
196
195
194
283
282
281
280
279
278
277
276
275
274
273
272
271
270
269
268
267
266
265
264
263
262
261
260
259
258
257
256
255
254
253
252
251
250
249
248
247
246
245
244
243
242
241
240
239
238
237
236
235
234
233
232
231
230
229
228
227
226
225
224
223
222
221
220
219
218
217
216
215
214
213
212
211
210
209
208
207
206
205
204
203
153
202
154
142
141
140
139
138
137
136
1329
1330
1331
1332
1333
1259
1260
1261
1262
1243
1244
1245
1246
1247
1248
1249
1250
1251
1252
1253
1254
1255
1256
1257
1258
1334
1335
1336
1337
1338
1339
1340
1341
1342
1343
1344
1345
1346
1347
1348
1349
1350
1351
1352
1242
1241
1240
1239
1238
1237
1236
1235
1234
1233
1232
1272
1271
1270
1269
1268
1267
1266
1265
1264
1263
1353
1354
1355
1356
1357
1358
1359
1360
1361
1362
1319
1320
1321
1322
1323
1324
1325
1326
1327
1328
1317
1230
1274
1231
1273
1363
1318
1364
31
30
32
29
28
27
33
34
35
12
13
14
36
49
48
47
26
15
-1
EOF
