NAME : fl37
COMMENT : Length 39721
TYPE : TOUR
DIMENSION : 3795
TOUR_SECTION
1
2607
3647
2608
3648
2609
3649
2610
3650
2611
3651
2612
3652
2613
3653
2614
3654
2615
3655
2616
3657
2618
3658
2619
3635
2961
2595
2563
3584
2511
2783
3187
2784
3188
3277
2881
2564
3278
2856
3252
2882
3345
2958
3346
2959
3347
2960
3348
3634
3349
2880
3253
2782
3558
2539
3608
3276
2562
3585
2857
3186
2510
2781
3557
3185
2509
2780
3255
3586
2858
2540
3254
2879
3607
3275
2561
2878
3606
3274
2560
2877
3605
2542
3256
3587
2859
2541
3556
3184
2508
2779
3555
2507
3183
3588
2860
2559
3273
3638
2876
3604
3272
2875
2558
3258
3589
2861
2543
3257
2778
3554
3182
2777
2506
3553
2505
3552
2776
3180
2504
2775
3260
3591
2863
2545
3259
3602
2874
2601
3270
2556
2873
3269
3601
2864
2546
3179
3551
2503
2774
3550
3178
2865
2547
3261
3592
2555
2872
3600
3268
2554
2871
3599
3267
2870
2553
3263
3594
2866
2548
3262
3593
2502
2773
3549
3177
2772
2501
3548
2549
3598
3266
2552
2869
3597
2550
3264
3595
2867
3176
2500
2771
3547
2499
3175
3596
2868
2551
3265
3646
2972
2606
3360
3645
2971
2605
3359
3644
2970
2604
3358
3643
2969
2603
3357
3642
2968
2602
3356
3641
2967
3355
2966
3640
3271
2557
2862
3590
3181
2544
3603
2600
3354
3639
2965
2599
3353
2964
2598
3352
3637
2963
2597
3351
3636
2962
2596
3350
2617
3656
2957
3344
2956
3343
3342
2955
3341
2954
2620
2953
3340
2952
2951
3339
2950
2949
3338
2948
3337
2947
3336
2946
2945
3335
2944
2594
3246
2849
3247
2850
3248
2851
2852
3249
2853
3250
2854
2538
3251
2855
2785
3189
2786
2787
3190
2788
3191
2789
3192
2790
3193
2791
3194
2792
2793
3195
2794
3196
2795
3197
2796
3198
2797
2565
2
6
2488
135
1337
134
1336
133
1335
132
2489
154
1356
153
1355
152
1357
155
156
1354
14
151
1358
157
2492
183
2494
1394
192
1393
184
1385
185
1386
191
1392
190
1391
186
1387
21
176
1389
187
1388
189
1390
25
188
1377
175
1376
174
1375
173
2493
13
117
1321
118
1322
119
1323
120
1318
115
1319
116
1320
9
1287
5
1295
93
1296
94
1297
95
1298
96
1299
1300
97
85
1288
86
1289
87
2943
3334
3244
2847
3245
2848
3285
2890
2889
3284
2888
3283
2887
3282
2886
3281
2885
3280
2884
2883
3279
26
1414
211
219
1627
423
1628
424
1629
425
1630
426
1631
427
1632
428
1633
429
1634
430
1635
431
1636
432
1637
482
1687
483
1688
484
1689
485
1690
486
1691
487
1692
488
1693
489
1694
490
1695
491
1696
492
1697
493
1698
494
1699
495
1625
420
1624
419
1623
1700
496
1717
514
1754
552
575
1778
576
1779
577
1780
578
1781
579
546
1748
545
1747
544
1746
543
1745
542
1744
541
1743
540
1742
539
1741
538
1740
537
1739
536
1738
535
1737
534
1736
533
1735
532
1734
531
1733
530
1732
529
1731
528
1730
527
1729
526
1728
525
1721
37
470
1675
471
1676
472
1677
473
1678
474
1679
475
1680
476
1681
477
1682
478
1683
479
1684
480
1685
481
1686
433
1638
434
1639
435
1640
436
1641
437
1642
438
1643
439
1644
440
1645
441
1646
442
1647
443
1648
444
1649
445
1650
446
1651
447
1652
448
1653
449
1670
466
1671
467
1672
468
1673
469
1674
518
1722
519
1723
520
1724
521
624
1827
623
1826
622
1825
621
1824
620
1823
619
1822
618
1821
617
1820
616
1819
615
1818
614
1817
613
1816
612
1815
611
1814
610
1813
609
1812
608
1811
607
1810
606
1809
605
1808
604
1807
603
1806
602
1805
601
1804
600
1803
599
1802
598
1801
597
1800
596
1799
595
1798
594
1797
1749
547
1750
548
1751
549
1752
550
1753
551
1718
515
1719
516
1720
517
422
1626
421
1422
220
1423
221
29
223
1425
222
1424
1426
224
1427
1429
226
1428
225
30
35
1437
234
1438
235
1439
236
1440
237
1441
238
43
1768
565
505
42
1763
561
1764
562
1765
563
1766
564
1767
1785
582
1784
1787
583
1786
1984
781
1985
782
1986
783
1987
784
1988
785
1989
786
1990
780
779
1983
787
1991
788
1982
778
1981
777
1980
790
1993
789
1992
874
47
48
1003
2207
2076
873
2077
2073
870
2074
871
2075
872
1002
2206
1001
2205
1000
2204
999
2203
998
2202
997
867
2071
868
2072
869
2068
865
2069
866
2070
2201
996
2200
995
2199
994
2198
993
2197
992
862
2066
863
2067
864
859
2063
860
2064
861
2065
2196
991
2195
990
2194
989
2193
988
2192
987
2191
2060
857
2061
858
2062
856
2059
855
2058
854
2057
853
2056
852
2055
851
2054
850
2053
849
2052
848
2051
847
2050
846
2049
845
2048
844
2047
843
2046
842
2045
841
2044
840
2043
839
2042
838
968
2173
969
2174
970
2175
971
2176
972
2177
973
2178
974
2179
975
2180
976
2181
977
2182
978
2183
979
2184
980
2185
981
2186
982
2187
983
2188
984
2189
985
2190
986
2497
2216
1012
2217
1013
2218
1014
1053
2219
1015
2220
1016
2221
1051
2258
1052
2259
56
2260
1054
2261
1055
2262
1056
2263
1057
2281
1075
2282
1077
2285
1078
61
2333
1126
2334
1127
2335
2284
1076
2283
2496
1132
2339
1131
2338
1130
2337
1129
2336
1128
2368
2381
1175
2380
1174
2379
1173
1172
2378
1171
2377
1170
3026
3408
3025
3407
3070
3450
3069
3449
3024
3406
3023
2686
3022
3405
3021
3068
3448
3067
3404
3447
3020
3403
3019
3066
3065
3446
3064
3445
3402
3018
3401
3063
3444
3017
3016
3400
3015
3399
3014
3398
3013
3443
3061
3397
3012
3442
2715
3157
3532
3158
3484
3105
3533
3159
3062
3106
3160
3534
3161
3485
2742
3535
3107
3486
3108
3487
3162
3536
3163
3164
3537
2770
3165
3166
3538
3167
3168
3539
3109
3488
3169
3540
3110
3489
3111
3541
3170
3542
3112
3490
3171
3543
3113
3172
3491
2716
3114
3544
3173
3492
3545
3174
3546
2755
3757
3082
3504
3783
3126
2754
3503
3784
2727
3734
2671
3706
3038
2698
3419
3081
3756
3462
2728
3733
2672
3420
2699
3707
2648
3683
2984
3372
2983
3684
2649
3694
2659
3693
2658
3692
2657
3691
2656
3690
2655
3689
2654
3688
2653
3687
2652
3686
2651
3685
2650
3371
3705
2982
2670
3704
3370
2981
2669
3703
3369
2980
2668
3368
3702
2979
2667
3701
3367
2978
2666
3366
3700
2977
2665
3365
3699
2664
2976
3364
3698
2663
2975
3363
3697
2974
2662
3410
3029
2689
3453
2719
3073
3742
3411
2690
3030
3741
3454
3748
2720
3074
3412
3031
2691
3749
3455
2721
3740
3413
2692
3075
3750
3456
2722
3076
3739
3032
3414
3033
2693
3457
3751
2723
3752
3077
3738
3415
2694
3034
3737
3458
2724
3078
3753
3459
2695
3416
3035
3417
3736
3079
2725
3754
3460
2696
3036
3735
2726
3755
3080
2697
3418
3037
3461
3125
2753
3502
3785
3124
2752
3501
3786
3123
2751
3500
3122
3787
2750
3499
3788
3121
2749
3498
3789
3120
3497
2748
3790
3119
2747
3496
3791
3118
2746
3792
3495
3117
2745
3494
3793
3116
2744
3493
3794
2743
3115
3745
3451
2687
3027
3744
3409
2688
3071
2717
3746
3452
2718
3747
3072
3743
3028
3696
3362
2973
2661
3695
3361
2660
76
2498
2480
1275
2479
1274
2478
1273
2477
1272
1269
2473
2470
1265
1262
2466
2463
1258
1255
2459
2453
1249
2454
1250
2455
1251
2456
1252
2457
1253
2458
1254
2460
1256
2461
1257
2462
1259
2464
1260
2465
1261
2467
1263
2468
1264
2469
1266
2471
1267
2472
1268
2474
1270
2475
1271
2476
1248
2452
1247
2451
1246
2450
1245
2449
1244
2448
1243
2447
1242
2446
1241
2445
1240
2444
1239
2443
1238
2442
1237
2441
1236
2440
1235
2439
1234
2438
1233
2437
1232
2436
1231
2435
1230
2434
1229
2433
1228
2432
1227
2431
1226
2430
1225
2429
1224
2428
1223
2427
1222
2426
1221
2425
1220
2424
1219
2423
1218
2422
1217
2421
1216
2420
1215
2419
75
1176
1162
2369
2356
1150
72
2357
1151
1133
66
1125
65
2280
1074
60
2264
2256
55
1050
2257
1017
2222
2223
1018
2224
1019
2225
1020
2226
1021
2227
1022
2228
1023
2229
1024
2230
1025
2231
52
53
54
2250
1044
2251
1045
2252
1046
2266
1059
2253
1047
2265
1058
2254
1048
2255
1049
1073
2279
1072
2278
1071
2277
1070
71
1134
2340
1124
2332
1123
2331
1122
2330
1121
2329
67
1135
2341
1136
2342
1137
2343
68
2328
1138
70
2360
1153
2361
1154
2362
1143
2349
1144
2350
1145
2351
1146
2352
1147
2353
1148
2354
1149
2355
2358
1152
2359
1163
2370
1164
1214
74
2481
1276
2482
1277
2483
1278
2484
1279
2414
1210
2415
1211
2416
1212
2417
1213
2418
1209
2413
1208
2412
1207
2411
1206
2410
1205
2408
1204
2409
1203
2407
1202
2406
1201
2404
1199
2403
1198
2402
1196
2400
1195
2399
1194
2397
1192
2396
1191
1193
2398
2401
1197
1200
2405
1180
2384
1179
2383
1178
2382
1177
2320
1112
2321
1113
2322
1114
2323
1115
2324
1116
2325
1117
2326
1118
2327
1119
2126
922
919
2122
2119
915
909
2112
2106
902
2102
899
2103
900
2104
901
2105
903
2107
904
2108
905
2109
906
2110
907
2111
908
2113
910
2114
911
2115
912
2116
913
2117
914
2118
916
2120
917
2121
918
2123
920
2124
921
2125
923
2127
924
2128
925
2129
926
2130
927
2131
928
2133
930
2134
931
2135
932
2136
933
2137
934
2138
936
2140
937
2141
938
2142
939
2143
940
2144
941
2146
943
2147
944
2148
946
2150
947
2151
948
2152
949
2153
950
2154
46
2149
945
942
2145
2139
935
929
2132
77
3795
3139
3517
3140
3475
3095
3518
3141
3142
3519
3143
3520
2741
3098
3478
3144
3521
3145
3146
3522
2769
3147
3148
3523
3149
3150
3524
3151
3525
3480
3526
3152
3527
3102
3440
3059
3441
3060
3482
2714
3104
3483
3720
2712
3770
3094
2740
3474
3050
3721
3432
2684
3719
2711
3769
3093
2739
3473
3768
2710
3049
3722
3431
2683
3718
3430
3092
2738
3723
2682
3717
3429
2709
3048
3472
3767
3091
2737
3724
2681
3716
2680
3725
3428
2708
3047
3471
3766
3090
2736
3470
3765
3089
3427
2707
3046
3715
2679
3726
2735
3469
3764
3088
2734
3727
3426
2706
3045
3714
2678
3044
3468
3763
2705
3713
2677
3043
3728
3425
3087
2733
3467
3762
2704
3712
2676
3711
2703
3042
3729
3424
3086
2732
3466
3761
3085
2731
3465
3041
3730
3423
2675
3710
2702
3760
3084
2730
3731
3422
2674
3709
2701
3040
3464
3759
3083
2729
3463
3039
3732
3421
2673
3708
2700
3758
2756
3127
3782
3505
2757
3128
3781
3506
2758
3129
3780
3507
2759
3130
3779
3508
2760
3131
3778
3509
2761
3132
3777
3510
2762
3133
3776
3511
2763
3134
3775
3512
2764
3135
3774
3513
2765
3136
3773
3514
2766
3137
3772
3515
2767
3138
3771
3516
2768
3531
3156
3530
3155
3529
3154
3528
3103
3481
3153
3101
2685
3100
3479
3099
3058
3439
3057
3438
3056
3055
3437
3054
3436
3053
3435
3477
3097
3476
3096
3052
3434
3051
3433
2713
2997
3385
2998
3386
2999
3387
3000
3388
3001
3002
3389
3003
3390
3004
3391
3005
3392
3006
3393
3007
3008
3394
3009
3395
3010
3396
3011
3380
2992
3381
2993
3382
2994
3383
2995
3384
2996
2635
3671
2636
3672
2637
3673
2638
3674
2639
3675
2645
3680
2644
3679
2643
3678
2642
3677
2641
3676
2640
2991
3379
2990
3378
2989
3377
2988
3376
2987
3375
2986
3374
2985
3373
2647
3682
2646
3681
2395
1190
2394
1189
2393
1188
2392
1187
2391
1186
2390
1185
2389
1184
2388
1183
2387
1182
2386
1181
2385
1111
2319
1110
2318
1109
2317
1108
2316
1107
2315
1106
2314
1105
2313
1104
2312
1103
2311
1102
2310
1101
2309
1100
2308
1099
2307
1098
2306
1097
2305
1096
2304
1095
2303
1094
2302
1093
2301
1092
2300
1091
2299
1090
2298
1089
2297
1088
2296
1087
2295
1086
2294
1085
69
2293
1084
2292
1083
1120
2291
2269
1062
1041
2246
1040
2245
2270
1063
2271
1064
2272
1065
1039
2244
1038
2243
1037
2242
1036
2241
1035
2240
1034
2344
1139
2345
1140
2346
1169
2376
2375
1168
2374
1157
1141
2347
1142
2348
1156
2363
1155
1159
2365
1158
2364
1167
2373
1166
2372
1165
2371
1160
2366
1161
2367
73
2286
1079
2287
1080
2276
1060
2267
1061
2275
1069
2288
1081
64
2289
1068
59
2268
2274
1067
2273
1066
58
62
2290
63
1082
57
2247
1042
2248
1043
2249
1026
2232
1027
2233
1028
2234
1029
2235
51
1030
2236
1031
2237
1032
2238
1033
2239
898
2101
897
2100
896
2099
895
2098
894
2097
893
2096
892
2095
891
2094
890
2093
889
2092
888
2091
887
2090
886
2089
885
2088
2025
822
2026
823
2027
824
2028
825
2029
826
2030
827
2031
828
2032
829
2033
830
2034
831
2035
832
2036
833
2037
834
2038
835
2039
836
2040
837
2041
1944
740
1943
739
1942
738
1941
737
1940
736
1939
731
1934
730
1933
729
1932
728
1931
727
1930
726
1853
648
1852
647
1851
646
1850
645
1849
644
1848
643
1935
735
1938
734
1937
45
39
733
1936
732
1847
642
524
1727
1666
461
1654
450
1655
451
1656
452
1657
453
1658
454
1659
455
1660
456
1661
457
1662
458
1663
1590
386
1589
385
1588
384
1587
383
1586
382
1585
381
1584
380
1583
379
1582
378
1581
377
1580
376
1579
375
1578
374
1577
373
1576
372
1575
371
1574
370
1573
369
1572
368
1571
367
1570
366
1569
365
1568
364
1567
363
1566
362
1565
361
1564
360
1563
359
1562
358
1561
270
1473
269
1472
268
1471
267
1470
266
1469
265
1468
264
1467
263
1466
262
1465
261
1464
260
1463
259
1462
258
1461
257
1460
256
1459
255
1458
254
1457
253
1456
252
1455
251
1454
250
1453
249
1452
248
1451
247
1450
246
1449
245
1448
244
1447
243
1446
242
1445
241
1444
240
1443
239
1442
34
1395
193
1396
194
1397
1380
178
1379
177
1378
1413
210
1412
209
1411
208
1410
207
1409
206
1408
205
1407
204
1406
203
24
202
1404
201
1403
200
1402
199
1405
195
1398
196
1399
197
1400
198
1401
1381
179
1382
180
1383
181
1384
182
1342
141
1343
142
1344
143
1345
1310
107
1309
106
108
1311
109
1312
110
1313
111
1314
112
1315
125
2487
1328
126
1329
11
1341
139
1330
127
1340
138
1339
16
136
1338
137
19
163
1364
162
1363
1349
2490
99
1302
1301
98
128
1332
129
1333
130
10
2486
1316
122
1334
1353
150
1352
149
1351
148
1350
147
161
1362
160
1361
169
2491
159
1371
170
1372
171
22
1373
172
1374
1359
158
1360
20
15
131
1325
121
1324
114
1317
113
88
84
1290
89
1286
83
1285
1284
82
1283
81
1282
80
1281
79
4
100
1303
101
1304
102
123
1326
12
1331
124
1327
8
1305
7
1280
78
1294
92
1293
91
1292
90
2485
1291
103
1306
104
1307
105
1308
17
18
1365
1348
1347
146
164
1366
165
23
145
144
1346
1367
166
1368
167
1369
168
1370
140
2621
2942
3286
2593
3659
3333
2622
2941
3660
3332
2592
2892
3610
2536
3242
3581
2844
2568
3631
2623
2940
3661
3331
2624
2939
3662
2590
3289
3612
2569
2893
3630
2591
3288
3611
2535
3241
3580
2843
2534
3562
3202
2515
2800
3201
3561
2514
2799
3560
3200
2798
2513
3559
2537
3243
3582
2845
2567
3287
3632
2891
3609
2846
3199
2512
3583
2566
3633
3629
2589
3628
2588
3627
2587
3626
2586
3625
2585
3624
2584
3623
2583
3622
2582
3621
2578
2902
3620
3297
2577
2901
3296
2576
2900
3618
3295
2575
2899
3294
2574
2898
3293
2897
3615
3292
2896
3614
3291
2895
3613
3290
2894
3240
2570
2842
3203
3579
2801
2516
3563
2533
3239
2571
2841
3204
3578
2802
2517
3564
2532
3238
2572
2840
3205
3577
2803
2518
3565
2531
3237
2804
2519
3566
2805
2530
3206
3576
2573
2839
3616
3236
3575
2520
3567
2806
2529
3207
2838
3617
3235
3574
2837
3208
2521
3568
2522
2807
2528
3234
3573
2836
3619
3233
2808
2527
3209
3569
2523
3572
2835
3210
3570
2526
3232
2809
3571
2524
2810
3211
2811
3212
3298
2929
3320
2930
3321
3322
2931
3323
2932
3324
2933
3325
2934
3326
2935
3327
2936
3328
2937
3329
2938
3330
2625
3663
2626
3664
2627
3665
2628
3666
2629
3667
2630
3668
2631
3669
2632
3670
2633
2581
3225
2827
3226
2828
3227
2829
2830
3228
2831
3229
2832
2525
3230
2579
2834
3231
2833
2812
3213
2813
2814
3214
2815
3215
2816
3216
2817
3217
2818
3218
2819
2820
3219
2821
3220
2822
3221
2823
3222
2824
2580
3223
2825
3224
2826
3306
2912
2911
3305
2910
3304
2909
3303
2908
3302
2907
3301
2906
2905
3300
2904
3299
2903
3319
2928
3318
2927
3317
2926
3316
3315
2925
2634
3314
2924
2923
3313
2922
2921
3312
2920
2919
3311
2918
3310
2917
3309
2916
2915
3308
2914
3307
2913
3
2495
1518
314
1517
313
1516
312
1515
311
1514
310
1513
309
1512
308
1511
307
1510
306
1509
305
1508
304
1507
303
1506
302
1505
301
1504
300
1503
299
1502
298
1501
297
1500
296
1499
295
1498
294
1497
293
1496
292
1495
291
1494
290
1493
289
1492
288
1491
287
1490
286
1489
285
1488
284
1487
283
1486
345
1548
344
1547
343
1546
342
1545
341
1544
340
1543
339
1542
338
1541
337
1540
336
1539
335
1538
334
1537
333
1536
332
1535
331
1534
330
1533
329
1532
328
1531
327
1530
326
1529
325
1528
324
1527
323
1526
322
1525
321
1524
320
1523
319
1522
318
1521
317
1520
316
1519
315
32
27
1415
212
213
1416
214
1417
215
1418
216
1419
217
1420
218
1421
28
1481
277
1480
276
1479
275
1478
274
1477
273
1476
272
1475
271
1474
357
1560
356
1559
355
1558
354
1557
353
1556
352
1555
351
1554
350
1553
349
1552
348
1551
347
1550
346
1549
282
1485
281
1484
280
1483
279
1482
278
33
1432
229
1433
230
1434
231
1435
232
1436
233
31
1431
228
1430
227
459
1664
460
1665
462
1667
463
1668
464
1669
465
523
1726
522
1725
1828
625
1829
626
1830
627
1831
628
1832
629
1833
630
1834
631
1835
40
1846
641
1845
640
1844
639
1843
638
1842
637
1841
636
1840
635
1839
634
1838
633
1837
632
1836
38
2082
879
2083
880
2084
881
2085
882
2086
883
2087
884
2155
951
2156
952
2157
953
2158
954
2159
955
2160
956
1008
2212
1007
2172
967
2171
966
2170
965
2169
964
2168
963
2167
962
2166
961
2165
960
2164
959
2163
958
2162
957
2161
878
2081
877
2080
876
2079
875
2078
49
2208
1004
2209
1005
2210
1006
2211
50
2213
1009
2214
1010
2215
1011
821
44
1949
745
1948
744
1947
743
1946
742
1945
741
1929
649
1854
650
725
1928
724
1927
1855
651
1856
723
1926
722
652
1857
653
1858
1925
721
1924
654
1859
655
720
1923
719
1860
656
1922
718
1921
1861
657
1862
658
717
1920
716
1863
659
1864
1919
715
1918
660
1865
714
1917
713
661
1866
662
1867
1916
712
1915
663
1868
664
711
1914
710
1869
665
1913
709
1912
1870
666
1871
667
708
1911
759
1962
758
1961
757
1960
756
1959
755
1958
754
1957
753
1956
752
1955
751
1954
750
1953
749
1952
748
1951
747
1950
746
2024
820
2023
819
2022
818
2021
817
2020
816
2019
815
2018
814
2017
813
2016
812
2015
811
2014
810
2013
809
2012
808
2011
807
2010
760
1963
707
1910
1872
668
1873
706
1909
705
669
1874
670
1908
704
1875
671
1876
1907
703
1906
672
1877
702
1968
764
1967
763
1966
762
1965
761
1964
806
2009
805
2008
804
2007
803
2006
802
2005
765
1905
673
1878
674
701
1904
700
1879
675
1903
699
1902
1880
676
1881
698
1901
677
1882
697
1973
769
1972
768
1971
767
1970
766
1969
801
2004
800
2003
799
2002
798
2001
797
2000
796
1974
770
1900
696
678
1883
679
1899
695
1884
680
1885
1898
694
1897
693
681
1886
682
1896
692
1887
683
1895
775
1978
774
1977
773
1976
772
1975
771
1999
795
1998
794
1997
793
1996
792
1995
791
1994
776
1979
691
1888
684
1894
690
1893
689
1892
688
1891
687
1890
686
1889
685
584
1788
585
1789
587
1790
586
1791
588
1792
589
1793
590
1794
591
1795
592
1796
593
1761
559
1762
1710
506
1708
503
1707
502
1706
412
1616
411
1617
413
1618
414
501
1705
500
1704
499
1703
1619
415
1620
416
1621
417
1622
418
498
1702
497
1701
513
1716
512
1715
511
1714
510
1713
509
1712
508
1711
507
558
1760
557
1759
556
1758
555
1757
554
1756
553
1755
1777
574
1776
573
1775
572
1774
571
1773
570
1772
569
1770
568
1771
41
1782
580
1783
581
566
1769
567
560
1709
504
1615
410
1614
409
1613
408
1612
406
1611
407
1610
405
1609
404
1608
403
1607
402
1606
401
1605
400
1604
399
1603
398
1602
397
1601
396
1600
395
1599
394
1598
393
1597
392
1596
391
1595
390
1594
389
1593
388
1592
387
1591
36
-1
EOF
