NAME : fl417
COMMENT : Length 16269
TYPE : TOUR
DIMENSION : 417
TOUR_SECTION
1
349
350
351
352
353
354
355
356
357
327
326
325
324
309
310
311
312
313
314
315
316
317
318
319
154
156
158
160
162
164
166
168
170
172
174
176
200
198
196
194
192
190
188
186
184
182
180
178
179
181
183
185
187
189
191
193
195
197
199
201
177
175
173
171
169
167
165
163
161
159
157
155
339
338
337
336
335
334
34
36
38
41
48
50
52
43
46
49
51
55
54
57
387
386
385
396
395
384
394
409
410
411
412
413
414
415
416
417
397
398
399
251
275
253
277
255
279
257
281
259
283
261
285
287
289
267
291
269
293
271
295
297
296
273
294
292
290
288
265
286
263
284
282
280
278
276
274
250
252
254
256
258
260
262
264
266
268
270
272
379
378
377
376
375
374
373
372
371
370
369
100
101
76
99
98
92
80
75
81
68
71
61
64
63
67
70
74
79
86
85
97
96
66
78
83
84
88
91
95
102
93
94
89
90
87
82
77
73
69
65
62
105
104
224
222
220
218
216
214
212
210
208
206
202
204
368
367
366
365
364
363
362
361
360
359
358
383
382
381
390
389
380
388
400
401
402
403
404
405
406
407
408
391
392
393
203
227
205
229
207
231
209
233
211
235
213
237
239
241
219
243
221
245
223
247
249
248
225
246
244
242
240
217
238
215
236
234
232
230
228
226
103
72
60
56
53
58
59
47
44
39
45
42
40
37
35
33
348
347
346
345
344
343
342
341
340
328
329
330
302
301
300
299
298
320
321
322
323
304
303
331
332
333
305
306
307
308
106
108
110
112
114
107
109
130
132
134
136
111
113
115
137
135
133
131
143
141
139
119
117
138
116
140
118
142
120
144
122
146
124
148
126
150
128
152
129
127
125
123
121
145
147
149
151
153
2
5
6
4
3
9
30
29
23
14
11
12
13
20
17
15
27
28
32
24
26
31
21
16
10
18
19
25
22
8
7
-1
EOF
