NAME : fnl
COMMENT : Length 219626
TYPE : TOUR
DIMENSION : 4461
TOUR_SECTION
1
5
4
10
7
12
14
41
53
75
80
94
81
77
73
96
110
153
155
120
157
194
192
224
220
226
260
258
257
267
299
291
339
377
426
508
525
520
515
495
446
467
423
348
371
391
402
397
488
475
545
554
617
642
562
585
606
632
693
737
852
875
847
825
887
788
732
778
719
656
653
678
710
752
739
797
839
881
938
990
1024
1050
1201
1218
1185
1211
1261
1177
1045
1042
1082
1134
1105
1076
1028
996
1031
981
929
948
954
973
977
926
865
804
742
715
735
722
688
692
758
713
667
616
605
586
506
473
459
512
555
621
580
518
421
420
367
412
396
342
308
281
295
279
338
337
319
311
265
285
310
331
381
393
394
425
480
491
536
551
641
544
636
527
489
416
456
413
343
296
263
216
204
188
144
130
84
63
57
59
36
24
21
9
18
22
33
26
20
15
8
31
39
29
40
46
48
54
65
70
87
78
67
62
44
32
42
60
76
71
69
93
116
127
89
106
119
141
143
115
102
114
91
107
133
137
125
135
175
145
138
129
101
100
82
90
97
74
56
45
52
66
51
43
17
6
2
11
19
3
30
28
27
49
55
64
86
92
109
117
139
131
124
132
113
140
147
148
168
179
169
193
209
187
176
162
173
203
255
235
233
232
230
250
303
262
297
298
275
288
305
350
373
410
454
472
658
618
557
487
543
604
573
537
507
428
401
442
388
390
321
334
368
329
364
341
379
374
370
422
437
447
419
433
476
479
499
535
647
549
560
638
614
615
674
664
598
500
485
538
599
470
360
411
306
270
280
316
283
301
322
290
269
256
243
219
206
253
251
215
197
195
178
185
231
239
238
208
201
184
200
212
199
198
181
186
161
160
154
152
149
207
217
242
218
213
225
236
247
248
228
214
240
254
266
356
404
435
449
521
643
671
717
793
748
738
679
716
774
775
771
799
821
803
870
913
984
976
1026
1078
1015
1081
1172
1136
1093
1062
968
860
862
919
901
869
845
757
786
796
838
818
827
858
780
703
687
726
677
699
730
812
831
832
874
932
944
1239
1204
1217
1149
1127
1161
1281
1308
1351
1299
1313
1402
1419
1444
1604
1602
1597
1562
1546
1513
1554
1642
1678
1713
1718
1664
1687
1670
1708
1730
1752
1660
1791
1806
1898
1952
1948
1876
1838
1852
1933
1833
1765
1762
1741
1797
1866
1827
1828
1737
1775
1822
1928
1888
1800
1747
1615
1523
1439
1283
1300
1267
1298
1352
1335
1357
1362
1366
1465
1490
1454
1506
1512
1415
1372
1264
1258
1257
1255
1165
1232
1162
1129
1117
1115
1111
1086
992
955
922
877
916
965
940
890
828
822
853
923
937
849
769
794
816
777
761
808
886
873
897
951
947
963
1061
1066
1034
1027
1010
1013
980
1005
1065
1139
1180
1194
1225
1320
1301
1290
1235
1150
1152
1091
1030
1125
1159
1140
1175
1213
1278
1327
1364
1421
1467
1428
1409
1434
1413
1400
1473
1507
1469
1549
1518
1590
1629
1598
1600
1671
1688
1720
1763
1748
1697
1680
1719
1722
1667
1643
1616
1544
1527
1460
1461
1379
1382
1341
1387
1431
1407
1424
1531
1533
1491
1535
1594
1654
1706
1780
1848
1959
1911
1881
1792
1841
1906
1860
1871
1954
1914
1867
1896
1773
1824
1756
1623
1583
1528
1393
1384
1340
1314
1268
1170
1131
1089
1049
1047
1108
1197
1249
1282
1280
1416
1474
1477
1539
1639
1677
1711
1745
1766
1830
1872
1853
1818
1815
1783
1803
1859
1892
1935
1960
1982
1993
2005
2052
2146
2160
2284
2263
2267
2251
2232
2201
2170
2169
2167
2096
2164
2239
2275
2330
2349
2390
2359
2343
2363
2381
2407
2383
2335
2257
2295
2274
2313
2271
2180
2133
1997
1987
2043
2021
2065
2120
2094
2075
2166
2186
2300
2355
2323
2289
2189
1991
1995
1986
2042
2003
2027
2082
2174
2226
2241
2256
2154
2109
2071
2193
2246
2309
2312
2345
2348
2369
2453
2485
2506
2537
2527
2564
2567
2483
2429
2356
2342
2305
2264
2265
2229
2159
2080
2077
2093
2149
2091
2132
2210
2270
2306
2327
2317
2334
2223
2286
2404
2423
2388
2419
2406
2437
2467
2391
2245
2266
2192
2206
2064
2063
1978
1994
2013
2019
1966
1975
2087
2051
2032
2106
2182
2236
2237
2165
2092
1989
2119
2139
2199
2204
2125
2124
2162
2105
2219
2215
2235
2287
2386
2399
2294
2364
2394
2431
2508
2530
2555
2659
2587
2621
2740
2705
2727
2777
2788
2812
2926
3017
3062
3136
3025
3076
2972
2935
2837
2866
2914
2962
2983
3068
3035
3094
3144
3267
3232
3225
3212
3159
3150
3202
3244
3126
3036
2989
2984
3002
2958
3010
2953
2907
2845
2758
2770
2700
2681
2632
2616
2594
2729
2675
2779
2821
2746
2682
2638
2684
2605
2549
2533
2499
2560
2444
2417
2472
2528
2593
2432
2392
2412
2450
2570
2623
2669
2721
2831
2886
2912
2850
2896
2839
2790
2750
2747
2686
2691
2650
2652
2666
2697
2715
2754
2786
2846
2891
2908
2966
2943
2939
3014
3033
3021
3026
3100
3132
3050
3084
3166
3134
3185
3230
3273
3218
3258
3236
3213
3095
3140
3169
3233
3262
3179
3203
3125
3117
3101
3147
3160
3158
3096
2988
2973
3027
2883
2916
2840
2826
2783
2716
2660
2617
2480
2445
2496
2576
2573
2529
2459
2438
2488
2572
2619
2578
2474
2463
2517
2544
2546
2424
2408
2418
2440
2414
2489
2509
2456
2556
2610
2625
2627
2661
2663
2667
2709
2687
2791
2879
2874
2832
2847
2787
2759
2755
2785
2871
2863
2858
2780
2728
2764
2880
2933
2964
3034
3057
3038
2969
2974
3120
3139
3063
2980
2997
3069
3093
3207
3250
3263
3222
3275
3254
3226
3178
3143
3189
3269
3205
3231
3199
3082
3018
3044
3011
2909
2910
2925
2834
2848
2771
2768
2781
2860
2838
2816
2865
2875
2927
3031
2998
3103
3089
3005
2936
3077
3097
3148
3210
3268
3277
3223
3219
3080
2979
2921
2861
2767
2795
2868
2937
2867
2849
2876
2959
2985
3187
3183
3228
3245
3266
3278
3370
3409
3356
3462
3476
3488
3623
3588
3636
3682
3813
3890
3945
3920
3965
4006
4056
4106
4138
4144
4133
4101
4121
4108
4137
4099
4131
4132
4127
4082
4040
3996
3953
3980
3903
3941
3926
3930
3966
3950
3854
3832
3760
3715
3745
3804
3850
3834
3782
3671
3666
3634
3624
3628
3670
3693
3703
3778
3837
3866
3921
3957
3978
4079
4038
4005
4004
4028
4065
3976
3986
3958
3933
3876
3775
3704
3644
3592
3570
3498
3500
3470
3396
3319
3298
3252
3227
3260
3220
3292
3328
3358
3386
3547
3491
3509
3557
3573
3514
3549
3600
3527
3395
3392
3318
3272
3215
3156
3206
3264
3309
3366
3276
3412
3458
3450
3384
3377
3334
3255
3259
3194
3162
3128
3157
3247
3330
3279
3138
3135
3180
3175
3130
3075
3007
3045
3116
3121
3104
3003
2929
3030
2991
2922
2772
2830
2810
2774
2704
2707
2673
2657
2730
2869
2900
2899
2970
3070
3074
3078
3029
2955
2995
2963
3064
3106
3071
3020
2947
2928
2892
2887
2823
2827
2829
2817
2724
2644
2628
2607
2579
2636
2706
2664
2543
2595
2608
2584
2678
2692
2630
2557
2513
2531
2421
2481
2520
2511
2468
2375
2389
2303
2205
2103
2209
2212
2328
2494
2516
2477
2425
2536
2433
2439
2379
2254
2360
2385
2353
2314
2296
2217
2136
2153
2157
2069
2127
2126
2203
2181
2107
1984
1939
1885
1813
1704
1725
1640
1581
1563
1519
1534
1502
1545
1463
1498
1568
1495
1488
1447
1478
1497
1521
1468
1448
1573
1575
1625
1628
1612
1564
1599
1641
1556
1607
1646
1695
1731
1727
1683
1809
1840
1879
1932
1924
1816
1855
1878
1900
1864
1794
1700
1627
1550
1614
1657
1691
1705
1814
1769
1854
1918
1894
1825
1733
1605
1620
1608
1610
1633
1648
1735
1882
1992
2004
2022
1949
2038
1965
2029
1981
1944
2015
2028
2067
2285
2123
2090
2114
2183
2076
2058
2045
2158
2221
2351
2365
2366
2393
2434
2338
2387
2281
2315
2276
2396
2376
2307
2234
2190
2185
2184
2141
2023
2059
2095
2056
2000
2034
2010
1983
2048
2020
2012
2030
1985
2053
1979
1973
1846
1849
1886
1940
1929
1890
1895
1920
1946
1953
1902
1768
1851
1926
1945
1875
1786
1716
1712
1669
1717
1684
1631
1656
1662
1585
1558
1482
1405
1322
1432
1349
1284
1311
1358
1321
1406
1370
1414
1417
1354
1360
1397
1305
1328
1368
1369
1411
1331
1248
1199
1110
1070
993
1021
1033
1043
945
1056
1039
975
958
971
1036
1100
1112
1154
1156
1192
1273
1209
1254
1245
1181
1096
1084
989
949
982
1004
979
909
912
935
920
880
820
740
666
644
707
835
934
914
823
883
760
791
829
765
723
622
566
504
522
483
427
436
372
376
326
289
323
286
268
284
347
382
478
548
579
607
695
673
652
588
649
612
640
669
720
750
783
848
830
810
806
866
784
691
696
608
600
571
645
611
661
685
747
846
861
900
974
939
967
1025
1151
1107
1080
1121
1157
1179
1229
1270
1224
1205
1234
1183
1329
1274
1212
1316
1336
1246
1230
1109
1182
1072
1102
1059
964
957
1006
918
1022
1016
962
969
894
815
840
867
856
763
700
756
697
708
753
725
689
718
624
594
533
523
569
650
577
546
532
517
505
481
444
418
461
556
589
655
668
630
601
509
474
429
362
409
383
336
405
464
468
567
568
498
519
558
625
628
663
705
736
721
702
714
776
811
885
891
813
779
781
798
864
754
802
884
844
927
1009
1054
1037
994
985
953
930
1000
941
959
1041
1103
1119
1077
1044
1063
1048
1098
1196
1122
1158
1263
1260
1272
1251
1310
1391
1356
1319
1365
1347
1430
1390
1350
1247
1113
1135
1189
1269
1323
1403
1363
1295
1240
1346
1389
1355
1455
1436
1509
1542
1579
1493
1449
1517
1464
1560
1621
1645
1714
1819
1770
1709
1672
1658
1511
1476
1522
1540
1532
1450
1543
1559
1696
1659
1588
1591
1611
1650
1701
1781
1865
1862
1805
1804
1891
1967
2017
2073
2197
2397
2442
2464
2411
2454
2526
2492
2409
2482
2352
2331
2325
2358
2368
2299
2231
2222
2155
2099
2144
2086
2161
2110
2194
2140
2097
2172
2171
2230
2298
2357
2413
2422
2507
2469
2525
2473
2478
2503
2452
2523
2589
2641
2708
2775
2859
2903
2901
2931
2967
3058
3090
3190
3167
3086
3105
3151
3265
3342
3327
3270
3061
3241
3181
3145
3149
3059
3110
3129
3170
3127
3087
3052
2993
2944
3006
2990
3039
2992
2981
2949
2945
2917
2822
2749
2793
2731
2782
2753
2842
2870
2951
3055
2893
2773
2742
2679
2719
2670
2547
2545
2541
2602
2648
2647
2612
2672
2618
2582
2683
2743
2813
2806
2872
2844
2734
2599
2558
2658
2609
2569
2566
2539
2600
2614
2611
2484
2571
2479
2498
2461
2435
2490
2504
2577
2629
2693
2735
2807
2824
2884
2956
3119
3164
3216
3240
3324
3274
3321
3350
3248
3239
3256
3214
3211
3091
3056
3124
3184
3188
3294
3341
3305
3335
3352
3261
3197
3133
3008
3060
3013
3053
2999
2965
3112
3072
2986
2919
2894
2957
2803
2800
2736
2695
2694
2597
2475
2447
2426
2519
2615
2651
2738
2741
2833
2852
2778
2639
2590
2470
2500
2580
2604
2680
2760
2911
2776
2855
2918
2932
2913
2960
3088
3237
3293
3363
3296
3300
3242
3196
3176
3004
3023
3042
3051
3083
3102
3065
3107
3204
3310
3313
3367
3440
3494
3468
3569
3542
3532
3608
3657
3618
3612
3663
3626
3551
3477
3446
3371
3385
3441
3463
3486
3605
3640
3683
3747
3732
3689
3701
3725
3783
3820
3789
3845
3805
3825
3872
3856
3818
3875
3891
3908
3873
3815
3786
3761
3687
3698
3744
3589
3575
3545
3550
3535
3609
3765
3741
3797
3798
3727
3635
3632
3651
3479
3469
3510
3530
3452
3399
3406
3444
3425
3418
3508
3554
3633
3599
3582
3548
3536
3466
3413
3393
3332
3389
3271
3191
3209
3246
3198
3306
3359
3430
3426
3400
3481
3394
3447
3345
3249
3192
3235
3224
3168
3154
3099
3122
3165
3108
3113
3066
3015
2890
2961
2877
2792
2789
2744
2642
2640
2586
2512
2441
2455
2505
2606
2581
2534
2465
2420
2495
2575
2643
2591
2553
2462
2436
2550
2603
2563
2501
2443
2514
2598
2649
2698
2702
2745
2766
2713
2701
2656
2784
2885
2905
2978
3081
3024
3073
3067
2920
2923
2994
2940
2878
2828
2825
2752
2551
2491
2458
2430
2380
2329
2283
2370
2373
2311
2347
2336
2340
2395
2278
2238
2131
2031
1950
2046
2041
2115
2168
2100
2262
2242
2258
2196
2177
2228
2101
2104
2113
1996
1957
1910
1847
1795
1826
1734
1682
1740
1686
1729
1785
1927
1844
1811
1913
1937
1832
1858
1930
2016
2040
2026
2011
2089
2145
2207
2261
2333
2326
2252
2218
2398
2367
2320
2403
2339
2260
2282
2200
2156
2084
2049
1908
1947
1968
2039
2118
2116
2112
2134
1999
1925
1903
1843
1834
1857
1839
1760
1742
1799
1707
1870
1934
1962
1963
2018
2083
2143
2277
2195
2137
2108
2248
2304
2310
2297
2227
2191
2361
2416
2377
2292
2213
2111
2088
2054
1988
1887
1868
1909
1956
2008
1971
1893
1856
1820
1784
1787
1736
1810
1739
1746
1728
1653
1651
1595
1486
1423
1324
1326
1344
1371
1412
1547
1609
1622
1675
1569
1442
1337
1375
1437
1433
1427
1537
1524
1580
1593
1647
1529
1342
1338
1479
1440
1472
1552
1570
1603
1757
1755
1771
1673
1724
1685
1576
1489
1386
1293
1215
1216
1250
1312
1288
1256
1190
1187
1083
1023
991
1071
1101
1144
1120
1193
1296
1307
1285
1220
1114
1040
1090
1106
1206
1238
1275
1214
1242
1306
1231
1145
1142
1138
1092
1014
942
892
868
960
819
755
690
613
581
492
552
574
452
465
406
333
282
229
261
259
277
318
354
363
445
414
528
575
602
675
785
787
790
672
582
570
572
633
795
767
762
729
681
619
559
494
497
466
455
408
384
349
386
327
365
387
403
434
463
458
510
514
593
623
592
578
637
701
698
807
789
646
706
766
834
933
872
1001
1011
924
904
841
863
936
1007
1087
1167
1164
1064
1002
1003
915
859
943
908
871
998
1055
1174
1133
1207
1252
1233
1381
1353
1483
1589
1617
1679
1761
1790
1772
1732
1692
1567
1638
1636
1702
1774
1698
1649
1516
1443
1459
1425
1487
1456
1410
1277
1143
1200
1147
1099
1068
1032
983
1012
1130
1223
1339
1333
1243
1330
1202
1221
1128
1069
1052
1008
921
905
972
907
889
896
824
855
743
734
768
709
626
662
610
534
550
584
484
503
453
482
431
432
415
441
380
304
344
496
542
541
603
676
741
772
842
817
836
686
631
595
469
424
359
287
324
358
400
438
443
531
530
511
539
635
620
670
792
857
773
694
665
837
878
879
925
961
946
950
1020
1095
1176
1276
1303
1396
1334
1392
1373
1309
1348
1343
1304
1241
1265
1253
1210
1155
1057
995
1075
1168
1203
1124
1046
1019
1060
1118
1188
1289
1361
1441
1499
1466
1501
1451
1496
1480
1500
1504
1453
1457
1596
1578
1574
1619
1557
1676
1754
1904
1931
1897
2024
1969
1942
2060
2138
2179
2163
2057
2050
1951
1907
1923
1919
1782
1634
1693
1744
1710
1601
1541
1551
1626
1699
1779
1808
1788
1751
1817
1743
1880
1974
2025
1921
1941
2129
2135
2074
2079
2142
2173
2259
2198
2255
2253
2268
2316
2318
2341
2321
2405
2378
2250
2308
2214
2178
2244
2147
2070
2006
1958
1883
1943
2117
2061
2128
2208
2249
2288
2225
2293
2400
2354
2466
2487
2548
2671
2711
2794
2853
2811
2808
2737
2665
2540
2471
2493
2592
2554
2674
2726
2690
2856
2818
2881
2930
2924
2864
2720
2757
2696
2583
2535
2448
2515
2524
2559
2561
2645
2699
2809
2889
2717
2714
2857
2898
2968
3001
2987
2952
2976
3000
2895
2942
2836
2815
2819
2841
2938
2948
3012
2996
3019
3016
3079
3161
3146
3177
3172
3037
3092
3142
3049
3054
3115
3253
3338
3304
3243
3221
3186
3282
3376
3375
3336
3301
3357
3353
3420
3401
3449
3495
3419
3374
3287
3229
3163
3152
3201
3381
3428
3362
3459
3533
3639
3590
3561
3680
3736
3767
3833
3848
3871
3794
3672
3610
3553
3448
3503
3436
3390
3315
3238
3195
3109
3155
3174
3114
3032
3047
3028
2971
2862
2888
2941
2934
2906
2950
3040
3043
3048
3123
3182
3217
3257
3337
3339
3427
3453
3511
3484
3487
3523
3537
3621
3638
3678
3702
3748
3773
3823
3781
3780
3766
3706
3695
3587
3631
3645
3606
3655
3713
3679
3838
3907
3901
3985
3905
3917
3992
4025
3977
3878
3792
3738
3710
3755
3836
3942
3984
4043
4105
4052
4069
4020
4007
3961
3948
3938
3877
3914
3944
4002
4029
4051
4102
4152
4122
4111
4109
4081
4015
3990
3932
3934
3913
3969
3994
4049
4139
4048
4041
4075
4001
3927
3851
3886
3918
3974
4068
4037
3967
3937
3868
3940
3828
3829
3846
3809
3779
3806
3817
3771
3733
3716
3751
3595
3566
3397
3316
3299
3208
3153
3111
3098
3022
2915
2946
2982
2977
2882
2799
2725
2685
2626
2538
2552
2596
2562
2634
2655
2723
2820
2835
2769
2802
2873
2897
2904
2798
2765
2751
2797
2756
2677
2633
2635
2637
2763
2732
2796
2902
2854
2851
2814
2843
2975
3009
3046
3131
3200
3288
3380
3424
3454
3421
3492
3602
3541
3591
3581
3596
3598
3568
3506
3465
3480
3417
3443
3502
3344
3234
3297
3320
3251
3323
3437
3422
3410
3522
3473
3474
3499
3559
3617
3574
3517
3564
3586
3604
3593
3534
3472
3442
3515
3513
3402
3343
3280
3314
3349
3435
3432
3505
3520
3585
3565
3525
3490
3467
3528
3614
3696
3709
3648
3707
3739
3768
3758
3800
3840
3839
3835
3880
3922
3954
4013
4042
4076
4085
4057
4035
4070
4092
4118
4148
4167
4179
4158
4124
4134
4128
4175
4207
4198
4185
4171
4195
4160
4125
4096
4058
4033
3987
4086
4114
4103
4074
4024
4080
4119
4129
4155
4164
4151
4159
4194
4208
4197
4238
4241
4202
4190
4153
4168
4165
4077
4115
4067
4088
4090
4047
3991
3988
4031
4050
3998
3971
3983
3947
3919
3952
3982
3925
3899
3791
3796
3752
3740
3712
3814
3849
3916
3951
3979
3939
3867
3844
3894
3841
3746
3776
3735
3690
3637
3654
3653
3664
3662
3625
3661
3705
3721
3788
3831
3853
3862
3859
3900
3808
3750
3769
3724
3759
3656
3673
3630
3723
3763
3864
3885
3801
3787
3719
3677
3731
3726
3665
3811
3822
3904
3973
3959
3931
3964
3893
3936
3993
4036
4019
4061
4094
4130
4192
4213
4214
4226
4255
4275
4297
4305
4277
4271
4293
4273
4245
4263
4233
4234
4276
4347
4296
4278
4280
4301
4323
4334
4330
4318
4331
4335
4366
4382
4337
4314
4300
4290
4304
4282
4247
4211
4221
4212
4205
4244
4196
4240
4261
4232
4210
4189
4206
4230
4253
4287
4307
4311
4325
4303
4326
4349
4355
4378
4380
4352
4342
4344
4365
4336
4350
4308
4274
4225
4177
4200
4182
4220
4246
4257
4270
4292
4310
4306
4312
4299
4363
4368
4391
4403
4376
4393
4356
4346
4322
4340
4360
4343
4385
4399
4400
4435
4451
4453
4454
4455
4450
4434
4418
4428
4441
4461
4460
4459
4448
4438
4432
4422
4402
4410
4411
4404
4377
4375
4348
4321
4259
4254
4231
4252
4269
4229
4162
4141
4147
4173
4223
4193
4174
4149
4098
4072
4093
4071
4087
4136
4178
4187
4215
4218
4227
4250
4264
4262
4315
4316
4319
4291
4286
4294
4333
4353
4370
4374
4362
4351
4339
4379
4384
4389
4412
4414
4426
4401
4369
4354
4295
4317
4327
4302
4289
4309
4279
4272
4260
4239
4222
4236
4191
4163
4135
4143
4188
4224
4265
4251
4243
4258
4235
4204
4172
4170
4150
4112
4064
4117
4084
4066
4095
4063
4039
4027
3981
4011
3915
3858
3852
3906
3963
4014
4046
4062
3995
3935
3895
3892
3889
3830
3785
3730
3708
3812
3865
3843
3762
3718
3691
3650
3597
3647
3507
3558
3539
3616
3681
3686
3642
3544
3594
3576
3497
3423
3485
3404
3415
3504
3563
3611
3675
3620
3580
3584
3643
3659
3700
3734
3770
3774
3827
3888
3949
3962
4000
3924
3898
3870
3847
3793
3720
3764
3754
3743
3729
3799
3861
3884
3929
3989
4016
4055
4045
4008
3970
4023
4012
3956
3912
3879
3869
3881
3928
3946
3874
3842
3803
3816
3821
3784
3777
3902
3897
3911
3910
3955
3943
3999
4030
4022
4021
4010
4017
4059
4034
4003
3972
4044
4100
4123
4157
4209
4217
4256
4281
4267
4248
4219
4283
4268
4285
4284
4298
4324
4338
4341
4359
4367
4386
4398
4397
4416
4419
4436
4437
4447
4446
4439
4457
4458
4456
4444
4431
4424
4405
4390
4381
4387
4373
4357
4361
4328
4332
4320
4364
4383
4392
4406
4407
4408
4396
4417
4420
4423
4415
4413
4430
4442
4452
4449
4445
4425
4433
4443
4440
4427
4429
4421
4409
4395
4394
4388
4372
4371
4358
4345
4329
4313
4288
4242
4237
4228
4186
4184
4169
4181
4146
4116
4091
4089
4126
4110
4073
4083
4120
4156
4176
4199
4216
4249
4266
4203
4183
4140
4145
4154
4161
4201
4180
4166
4142
4113
4104
4032
4054
4053
4060
4107
4078
4097
4026
3997
3968
4009
4018
3975
3960
3887
3883
3756
3757
3674
3667
3694
3652
3613
3603
3571
3531
3546
3578
3607
3641
3660
3699
3714
3737
3688
3722
3692
3629
3555
3601
3619
3577
3622
3697
3772
3826
3824
3863
3882
3857
3860
3923
3896
3855
3909
3802
3819
3807
3753
3810
3742
3583
3475
3431
3414
3445
3524
3482
3512
3543
3471
3478
3518
3521
3540
3433
3378
3289
3283
3391
3329
3307
3325
3360
3411
3455
3438
3379
3351
3333
3372
3281
3331
3387
3460
3461
3456
3382
3308
3290
3302
3284
3347
3416
3407
3398
3483
3567
3552
3562
3516
3457
3429
3403
3364
3311
3340
3383
3322
3408
3439
3496
3556
3615
3560
3579
3646
3684
3717
3685
3658
3676
3728
3711
3668
3649
3795
3790
3749
3669
3627
3538
3489
3405
3373
3317
3295
3312
3369
3368
3464
3519
3501
3529
3572
3526
3493
3451
3361
3285
3354
3346
3388
3365
3291
3326
3303
3355
3434
3348
3286
3193
3173
3171
3141
3085
3137
3118
3041
2954
2801
2805
2733
2601
2654
2718
2761
2722
2620
2624
2689
2613
2676
2668
2739
2804
2762
2710
2588
2585
2522
2510
2344
2290
2273
2291
2279
2240
2150
2036
2033
1980
2130
2098
2062
1977
2044
2078
2122
2188
2224
2301
2337
2332
2280
2269
2233
2148
2211
2216
2151
2072
2035
2037
2002
1998
2055
2068
2102
2085
1972
2001
2152
2220
2202
2324
2362
2428
2402
2371
2319
2346
2384
2497
2565
2502
2486
2574
2382
2410
2449
2518
2568
2427
2415
2457
2460
2476
2532
2646
2712
2662
2631
2653
2703
2748
2688
2622
2521
2542
2451
2401
2446
2350
2322
2372
2374
2302
2272
2247
2176
2121
2175
2243
2187
2081
1990
1976
2047
2066
2007
2009
2014
1970
1901
1863
1922
1961
1916
1869
1912
1955
1861
1776
1758
1793
1842
1845
1812
1703
1630
1668
1584
1587
1572
1481
1548
1577
1520
1470
1475
1525
1553
1655
1637
1726
1749
1753
1801
1835
1873
1836
1789
1807
1778
1721
1681
1665
1586
1452
1492
1632
1635
1536
1388
1367
1294
1317
1422
1385
1380
1376
1279
1399
1426
1446
1318
1359
1418
1394
1315
1286
1186
1236
1228
1208
1173
1178
1160
1085
986
952
1017
1058
1132
1116
1073
1029
997
1146
1148
1126
1123
1035
1067
1094
1141
1137
1191
1226
1291
1292
1297
1262
1195
1198
1166
1219
1377
1401
1398
1404
1420
1484
1503
1429
1471
1508
1510
1458
1514
1582
1694
1889
1964
1915
1850
1831
1798
1829
1877
1899
1905
1837
1823
1802
1917
1938
1936
1884
1796
1777
1821
1874
1750
1661
1618
1555
1438
1515
1445
1485
1408
1435
1526
1571
1644
1566
1538
1505
1494
1561
1624
1759
1723
1767
1689
1690
1715
1666
1738
1764
1674
1613
1565
1592
1652
1663
1606
1530
1462
1395
1287
1332
1374
1345
1325
1383
1378
1302
1237
1184
1171
1227
1271
1259
1244
1266
1163
1097
1079
1104
1074
1038
903
978
1018
966
988
931
917
899
970
1051
1053
1088
1222
1169
1153
999
906
911
895
987
956
898
902
928
910
893
876
833
764
724
683
627
596
583
501
448
361
325
335
312
276
271
293
328
353
307
332
264
241
245
237
183
191
159
151
150
167
174
190
211
234
246
274
317
346
369
392
430
417
366
315
273
252
222
189
180
158
142
177
244
292
351
398
395
385
313
320
345
340
375
407
389
460
462
502
451
457
490
590
657
659
682
704
728
651
629
564
547
450
471
526
553
587
609
529
493
439
477
516
561
639
680
711
731
744
814
888
843
805
801
800
850
749
745
826
733
759
851
782
751
648
684
727
634
576
524
565
563
597
660
746
809
882
854
770
712
654
591
513
540
486
440
399
378
352
294
272
309
330
355
357
302
314
300
278
249
227
202
172
170
156
121
123
98
85
68
37
16
38
58
79
105
134
136
126
118
128
146
164
163
171
210
221
196
223
205
166
182
165
122
108
104
103
83
47
35
34
23
61
72
95
112
111
99
88
50
25
13
-1
EOF
