NAME : gil
COMMENT : Length 2821
TYPE : TOUR
DIMENSION : 262
TOUR_SECTION
1
229
71
31
205
234
33
254
99
70
108
244
145
115
4
81
100
209
138
21
186
172
19
185
72
79
262
191
133
5
211
61
90
221
129
130
12
49
124
53
228
65
206
220
150
58
183
36
83
217
2
170
114
148
26
9
153
230
189
106
121
248
89
167
13
101
253
193
203
57
238
10
42
197
103
113
194
80
66
168
47
55
175
259
226
136
176
233
162
75
219
15
102
52
169
181
171
59
78
32
67
51
147
245
201
24
40
17
127
159
134
158
60
132
97
29
109
227
20
110
41
210
178
92
117
98
240
107
14
143
48
128
161
179
200
251
199
25
208
246
152
63
180
216
46
93
187
45
212
77
91
50
88
247
149
86
151
94
218
144
192
156
260
184
119
239
35
34
95
182
28
160
7
141
104
126
116
37
44
22
120
23
174
196
236
111
252
255
105
85
222
165
6
243
16
135
84
146
39
38
242
56
256
131
214
11
241
225
223
43
235
82
157
122
62
249
69
177
237
123
118
3
8
190
250
224
163
64
125
195
27
204
261
173
257
137
18
30
54
198
73
207
166
96
112
213
215
74
140
164
258
188
87
154
76
155
232
142
68
231
202
139
-1
EOF
