NAME : kroA200
COMMENT : Length 35223
TYPE : TOUR
DIMENSION : 200
TOUR_SECTION
1
53
115
117
159
174
121
172
46
49
18
110
29
184
37
138
61
136
24
32
26
199
7
82
78
9
124
118
16
51
194
63
179
190
93
106
163
60
101
4
149
99
19
66
153
44
188
116
122
170
84
11
52
87
126
96
165
97
81
45
197
104
166
48
119
92
10
175
33
100
156
180
131
74
57
36
14
192
108
69
142
189
73
3
59
41
89
154
140
21
164
169
68
2
35
173
23
102
76
70
144
150
168
185
50
139
86
95
94
91
182
195
113
176
133
43
105
137
5
196
178
152
56
38
71
130
72
83
62
134
22
129
146
103
98
114
39
28
148
88
200
171
141
58
34
17
25
90
143
8
155
183
75
109
107
157
47
31
67
162
55
186
120
112
127
135
42
64
20
160
79
177
13
65
80
151
187
6
54
181
125
161
77
158
30
167
128
193
27
198
191
40
147
12
111
132
85
123
15
145
-1
EOF
