NAME : kroA150
COMMENT : Length 31722
TYPE : TOUR
DIMENSION : 150
TOUR_SECTION
1
130
28
105
67
138
89
133
148
142
92
8
42
122
31
80
56
139
49
6
113
84
36
99
102
111
104
38
24
18
137
16
88
94
22
70
4
65
66
129
26
124
118
119
143
97
75
19
53
134
79
106
90
10
72
21
141
59
127
74
17
15
11
32
109
98
45
91
23
60
110
77
62
150
35
86
20
12
27
149
115
120
123
43
46
3
14
136
128
41
71
100
48
96
78
52
5
37
103
146
33
13
76
95
126
82
2
64
40
54
144
114
44
73
69
108
61
51
125
25
81
68
85
50
116
147
39
101
121
30
107
132
29
112
135
34
55
83
117
140
9
7
57
145
87
58
93
131
47
63
-1
EOF
