NAME : kroB150
COMMENT : Length 31551
TYPE : TOUR
DIMENSION : 150
TOUR_SECTION
1
85
27
40
12
53
137
125
46
49
93
143
14
141
99
10
92
19
105
66
44
63
16
120
18
29
142
37
61
132
24
117
32
26
7
82
78
9
146
135
127
51
128
103
48
84
11
52
87
150
96
144
97
81
36
57
74
100
136
33
45
69
3
118
73
59
41
140
60
4
116
107
130
65
147
104
31
67
47
6
149
54
138
75
134
22
8
112
113
126
83
62
72
124
71
5
86
133
50
95
123
94
91
111
121
70
23
102
35
2
80
115
77
30
68
21
89
122
139
131
76
129
43
119
56
101
38
39
28
88
148
98
109
58
34
90
145
108
114
25
17
106
42
55
64
20
110
79
13
15
-1
EOF
