NAME : lin318
COMMENT : Length 51210
TYPE : TOUR
DIMENSION : 318
TOUR_SECTION
1
2
3
8
9
5
4
106
107
111
112
108
117
124
129
132
138
209
145
150
153
149
152
156
155
154
39
38
35
34
137
136
134
135
133
128
127
125
126
208
120
115
116
13
14
17
16
18
25
26
27
24
19
12
15
103
20
23
28
33
36
37
42
43
46
52
51
47
44
41
104
45
48
50
55
56
105
57
54
53
58
60
61
65
164
161
160
162
159
163
158
166
165
269
315
266
265
260
258
255
314
250
259
143
144
147
157
151
148
146
142
141
131
130
122
123
121
113
114
110
109
216
217
212
211
313
232
231
225
220
221
118
119
140
139
239
240
241
242
243
246
247
227
236
235
228
226
229
234
237
238
233
230
222
213
218
219
215
214
223
224
245
244
248
249
252
262
256
253
251
254
257
261
264
267
263
268
271
270
318
275
276
284
280
273
272
279
283
286
285
291
290
299
300
298
297
304
310
305
309
308
303
296
289
287
282
274
277
278
281
288
292
170
171
193
192
294
293
295
301
302
306
307
311
312
199
205
200
204
203
194
195
175
186
180
179
174
168
167
210
169
172
173
176
177
178
181
185
191
190
198
201
202
206
207
100
95
94
197
196
88
87
187
188
189
184
182
183
66
63
62
69
70
75
74
76
80
81
89
90
99
98
102
101
97
96
92
91
93
86
85
83
82
78
84
79
77
71
68
67
72
73
64
59
317
316
49
40
32
31
30
29
22
21
11
10
7
6
-1
EOF
