NAME : n
COMMENT : Length 67798
TYPE : TOUR
DIMENSION : 1379
TOUR_SECTION
1
11
28
30
25
19
31
46
68
67
45
61
79
89
64
80
42
39
24
14
8
17
18
22
16
13
40
32
33
26
5
4
9
37
21
35
51
54
63
86
78
136
150
166
198
189
226
203
173
148
135
138
122
111
93
83
43
50
77
75
96
59
73
49
132
171
144
162
143
184
233
235
208
241
229
222
278
313
349
428
422
409
417
433
475
504
519
553
557
570
593
597
616
649
630
619
600
579
542
505
499
454
445
460
425
403
384
398
413
440
458
516
536
555
586
572
592
611
640
659
675
641
673
643
605
596
567
581
602
609
634
661
672
668
652
633
628
644
599
594
583
603
576
568
574
569
606
613
610
639
656
682
687
664
637
587
566
585
560
556
550
590
614
638
625
601
617
669
695
721
735
752
728
706
710
697
719
692
712
694
700
714
709
744
767
765
794
816
781
746
729
753
734
764
786
824
842
876
891
912
929
930
931
948
961
945
939
953
973
976
1026
1016
995
994
977
965
987
985
997
1018
1065
1066
1056
1093
1106
1111
1062
1081
1091
1077
1121
1132
1183
1140
1092
1080
1064
1047
1045
1009
1006
1004
1035
1037
1042
1074
1052
1115
1127
1159
1189
1209
1223
1202
1177
1152
1126
1122
1150
1135
1151
1167
1203
1128
1129
1118
1137
1166
1144
1168
1193
1221
1225
1184
1199
1197
1212
1233
1259
1246
1230
1260
1272
1337
1349
1358
1368
1356
1362
1373
1369
1361
1348
1351
1344
1333
1320
1327
1347
1322
1285
1304
1276
1236
1231
1251
1245
1267
1265
1241
1207
1201
1175
1158
1147
1143
1123
1090
1086
1072
1075
1094
1101
1113
1102
1100
1068
1058
1055
1059
1063
1033
1028
1024
1022
1067
1078
1104
1105
1120
1085
1076
1110
1103
1133
1142
1108
1079
1031
1054
1044
1057
1036
1039
1014
1019
1005
957
970
950
951
975
1001
1010
1017
989
1003
1027
1046
1049
1069
1095
1130
1169
1153
1164
1157
1161
1191
1172
1160
1163
1178
1220
1232
1266
1295
1312
1328
1350
1359
1365
1377
1375
1376
1378
1379
1366
1374
1367
1364
1363
1352
1343
1330
1345
1346
1340
1332
1341
1318
1302
1279
1278
1287
1290
1293
1325
1306
1288
1275
1282
1289
1301
1310
1311
1319
1324
1331
1339
1303
1273
1257
1250
1238
1235
1228
1215
1198
1211
1192
1187
1218
1217
1206
1196
1170
1171
1188
1195
1155
1165
1156
1200
1226
1248
1263
1255
1253
1242
1224
1186
1176
1174
1173
1162
1190
1182
1181
1179
1214
1234
1244
1254
1249
1239
1205
1216
1213
1247
1274
1284
1261
1277
1283
1292
1298
1300
1309
1315
1314
1313
1317
1323
1305
1299
1321
1326
1334
1338
1336
1354
1355
1357
1360
1371
1372
1370
1353
1335
1316
1329
1342
1308
1307
1297
1294
1270
1271
1296
1268
1258
1229
1240
1219
1208
1204
1185
1237
1256
1262
1281
1291
1280
1269
1286
1264
1243
1252
1227
1222
1210
1194
1180
1154
1149
1141
1119
1097
1107
1124
1073
1084
1061
1098
1112
1148
1145
1139
1131
1138
1136
1117
1114
1125
1146
1070
1089
1096
1116
1134
1082
1053
1041
1021
1034
993
1008
955
935
897
853
818
804
800
782
773
784
812
790
793
839
869
870
859
879
898
913
903
846
819
801
763
731
768
748
699
713
741
707
732
747
739
737
718
772
810
834
857
886
866
923
960
942
959
932
907
910
921
881
875
889
844
829
817
792
766
743
717
691
698
708
722
745
769
775
762
725
702
693
704
733
738
761
774
789
803
849
827
838
845
822
807
821
841
831
830
855
874
885
878
868
902
918
954
982
1000
983
984
978
1012
1030
1032
1015
996
990
979
964
1011
998
1040
1051
1060
1087
1099
1088
1109
1083
1071
1050
1043
1020
1013
988
992
974
972
1007
1025
1023
1002
980
986
969
966
971
968
981
999
1038
1048
1029
991
967
962
936
909
887
872
847
823
832
825
806
796
779
749
723
736
771
805
835
788
783
798
843
851
856
880
905
926
937
963
946
916
915
901
892
940
925
944
952
938
919
871
882
896
890
895
899
911
917
933
949
958
941
934
947
924
927
928
920
956
943
922
914
888
848
858
873
894
908
900
893
867
861
864
863
883
904
906
877
860
865
828
808
776
791
833
813
778
754
770
760
755
780
787
795
802
809
826
815
814
836
811
785
759
758
701
724
705
711
730
703
720
696
716
742
757
777
726
727
751
756
799
820
837
850
862
854
852
884
840
797
750
740
715
678
662
688
681
670
650
674
676
622
588
533
517
502
448
390
373
348
335
281
302
305
259
254
275
288
339
353
376
386
387
406
420
437
436
443
450
485
539
571
564
565
548
575
618
589
598
624
663
685
683
689
657
646
642
679
666
658
635
615
626
653
621
651
686
665
660
655
690
671
667
684
680
677
623
549
559
498
545
522
497
521
582
584
580
632
645
627
629
595
563
608
620
547
530
558
541
496
466
457
495
449
503
552
577
604
591
573
540
551
532
494
456
463
444
515
526
523
477
481
482
393
379
380
352
342
319
304
276
301
274
238
263
232
219
215
289
343
442
400
303
306
360
411
438
427
334
298
236
202
220
242
181
140
134
108
62
72
47
29
48
41
27
12
7
20
15
34
57
71
94
123
178
174
169
199
207
168
163
187
154
121
99
117
116
113
76
58
56
82
90
120
130
158
190
212
218
227
231
200
196
180
155
151
106
92
103
95
137
139
110
65
60
87
105
109
81
53
44
23
10
36
55
66
85
69
91
102
133
142
101
124
167
192
188
182
161
127
149
183
195
156
177
217
246
205
209
240
291
277
262
249
228
210
216
248
287
329
314
330
327
340
324
315
297
271
255
270
300
331
333
320
309
294
280
312
359
371
389
408
377
347
365
397
396
395
394
368
370
354
388
412
439
421
430
426
392
358
429
451
483
486
473
469
476
511
471
435
424
446
491
447
441
455
518
525
544
562
578
607
561
554
636
631
648
654
647
612
538
512
528
524
520
513
527
508
510
490
514
529
535
509
500
487
470
468
484
464
414
416
402
375
381
364
357
399
410
366
385
434
462
459
432
465
488
474
489
453
419
382
346
344
326
322
317
318
337
363
325
356
362
383
405
418
423
431
472
493
492
501
546
531
537
543
534
507
478
479
506
480
452
461
467
415
374
404
401
369
341
338
328
351
345
316
321
350
355
378
407
391
367
361
332
372
323
336
279
268
272
292
307
290
284
269
250
285
256
230
243
213
223
244
261
260
245
273
295
310
283
296
251
225
159
204
197
201
176
157
147
141
104
128
112
84
74
88
97
98
114
107
115
125
172
175
224
239
252
265
293
308
286
257
264
206
165
153
179
194
185
164
152
126
129
145
191
211
237
247
299
311
258
267
282
266
253
234
186
214
221
193
146
131
170
160
119
100
118
70
52
38
3
2
6
-1
EOF
