NAME : p6
COMMENT : Length 47389
TYPE : TOUR
DIMENSION : 654
TOUR_SECTION
1
549
533
534
550
551
535
552
553
554
2
3
4
5
7
6
8
9
10
26
24
21
20
25
27
29
22
23
28
31
34
42
41
33
32
30
35
14
36
40
43
37
38
39
18
19
50
46
49
48
44
45
47
52
62
13
11
12
61
60
57
51
59
55
54
53
56
58
17
15
324
328
384
388
392
380
376
372
368
364
360
356
352
348
344
340
336
332
320
316
312
308
304
300
642
302
306
310
314
318
322
326
330
334
338
342
346
350
354
358
362
366
370
374
378
382
386
390
394
393
389
385
381
377
373
369
365
361
357
353
349
345
341
337
333
329
325
321
317
313
309
305
301
622
621
620
619
618
617
616
615
631
632
633
634
635
636
637
638
639
640
641
608
607
606
605
604
603
16
573
574
575
576
577
578
579
580
581
582
583
584
585
586
587
299
303
307
311
315
319
323
327
331
335
339
343
347
351
355
359
363
367
371
375
379
383
387
391
588
589
590
591
592
593
594
595
596
597
598
599
600
601
602
395
399
403
407
411
415
419
423
427
431
435
439
443
447
451
455
459
463
467
471
475
479
483
487
420
424
480
484
488
476
472
468
464
460
456
452
448
444
440
436
432
428
416
412
408
404
400
396
654
398
402
406
410
414
418
422
426
430
434
438
442
446
450
454
458
462
466
470
474
478
482
486
490
489
485
481
477
473
469
465
461
457
453
449
445
441
437
433
429
425
421
417
413
409
405
401
397
630
629
628
627
626
625
624
623
643
644
645
646
647
648
649
650
651
652
653
614
613
612
611
610
609
69
65
63
64
104
103
105
73
72
71
66
67
68
70
106
298
294
290
286
282
278
274
270
266
262
258
254
250
246
242
238
234
230
226
222
218
214
210
206
572
548
205
209
213
217
221
225
224
228
229
233
237
241
240
244
245
249
248
252
253
257
256
260
261
265
264
268
269
273
272
276
277
281
280
284
285
289
288
292
293
297
296
295
291
287
283
279
275
271
267
263
259
255
251
247
243
239
235
236
232
231
227
223
219
220
216
215
211
212
208
207
204
203
520
519
532
518
517
516
515
514
513
512
511
510
509
508
507
506
541
542
527
543
528
544
529
530
531
545
546
547
571
570
569
568
567
566
565
564
563
562
561
78
75
74
76
79
80
83
84
81
77
82
90
93
95
86
87
92
96
98
102
101
100
99
97
88
85
89
91
94
202
198
197
196
201
200
199
195
191
187
183
179
175
171
167
163
159
155
151
147
148
149
153
152
156
157
161
160
164
165
169
168
173
172
176
177
181
180
184
185
189
188
192
193
194
190
186
182
178
174
170
166
162
158
154
150
559
539
540
560
110
109
114
113
118
122
126
130
134
138
137
136
140
141
142
146
145
144
143
139
135
131
127
128
132
133
129
125
124
123
119
120
121
117
116
115
112
111
108
107
505
504
526
503
502
501
500
499
524
525
537
538
558
557
556
555
523
498
536
522
497
496
495
494
521
493
492
491
-1
EOF
