NAME : pcb1
COMMENT : Length 70275
TYPE : TOUR
DIMENSION : 1173
TOUR_SECTION
1
3
4
5
6
10
11
7
8
9
21
12
20
231
228
232
234
33
34
35
36
39
58
41
38
27
26
25
24
28
22
23
29
32
31
30
233
235
236
237
37
238
239
40
411
412
413
414
415
416
417
418
409
65
66
410
419
420
434
433
450
449
448
447
451
446
445
444
443
442
441
440
439
454
269
471
472
473
474
485
489
488
491
492
493
494
484
479
480
478
477
476
486
475
470
455
452
456
457
459
458
460
461
465
463
462
469
482
481
495
496
497
498
819
820
821
822
818
780
779
778
770
483
467
468
464
466
711
712
710
713
706
697
696
695
618
617
606
607
602
601
605
616
436
435
422
421
68
57
85
86
87
88
81
71
70
69
55
51
50
49
56
48
54
53
46
47
44
45
52
42
43
59
60
61
62
64
63
408
432
431
430
428
429
438
427
426
425
424
423
437
240
453
268
267
270
273
274
272
487
291
288
287
278
279
280
261
260
262
263
264
271
277
275
276
266
265
250
249
248
247
243
245
246
244
242
241
216
217
218
219
221
222
223
224
225
226
227
229
230
19
18
17
16
201
202
203
204
205
258
257
256
251
252
253
254
255
259
282
281
283
284
285
297
296
292
308
311
310
320
333
167
170
166
312
313
314
309
298
299
293
286
289
290
294
302
301
306
305
303
295
300
307
315
316
317
318
321
322
323
327
338
194
195
196
340
343
339
341
342
356
357
355
354
353
352
351
213
214
215
381
383
384
386
385
387
388
372
568
362
361
364
365
366
363
369
367
368
563
379
380
390
582
583
584
574
575
576
577
585
586
587
588
589
597
598
599
600
901
902
903
895
894
592
591
885
886
887
883
877
878
884
888
889
890
891
1034
1050
1049
900
899
893
892
896
897
898
904
905
906
907
1061
1062
1063
1051
1046
1043
1035
1036
1037
1038
1044
1047
1055
1054
1053
1052
1064
1065
1058
1067
1068
1066
1069
1059
1056
1057
1048
1045
1039
1040
1041
1042
1030
1031
1018
1017
1013
1012
1006
1007
1029
1008
1032
1028
1027
1026
1025
1024
1002
997
1001
1000
999
998
995
850
855
864
865
849
848
847
846
851
852
853
854
857
967
961
944
945
962
970
969
968
1003
1004
1005
1010
1009
1014
1015
1011
1016
1019
1020
1081
974
973
972
971
946
947
948
949
963
975
986
964
976
987
977
978
979
993
1077
1076
991
1073
994
1021
1022
1074
1075
1083
1085
1084
1092
1093
1094
1086
1088
1087
1102
1107
1108
1114
1134
1141
1135
1136
1137
1142
1155
1158
1153
1154
1146
1145
1151
1150
1144
1140
1133
1132
1113
1106
1105
1112
1131
1139
1143
1152
1149
1148
1123
1147
1124
1125
1127
1128
1129
1130
1104
1101
1033
1126
1060
1071
1070
1072
1159
1160
1161
1162
1163
1164
1095
1165
1166
1167
1168
1169
1170
1173
1172
1171
1157
1156
1138
1121
1122
1119
1120
1117
1116
1115
1110
1109
1103
1111
1099
1118
1100
1098
1097
990
960
959
958
957
956
955
942
966
981
982
983
984
985
988
989
1096
1091
1090
1089
1082
1078
1079
1080
992
980
965
954
941
940
953
952
951
938
918
919
920
921
922
923
924
925
926
927
817
816
815
694
693
691
692
689
690
688
667
668
665
666
140
128
119
118
127
126
125
124
123
122
121
120
117
116
103
114
628
630
629
131
115
129
133
132
642
641
643
644
640
639
654
655
656
657
659
658
660
680
681
678
676
674
673
675
661
134
130
135
136
137
138
663
139
664
669
677
671
670
662
672
682
683
684
685
686
687
748
765
766
761
760
747
755
756
757
758
763
762
767
768
769
813
814
812
809
810
764
759
807
808
806
805
804
803
802
801
800
746
745
751
752
753
754
811
749
679
750
731
730
729
728
732
744
788
789
799
798
797
796
787
795
793
794
786
740
741
742
743
733
726
727
725
724
723
722
721
705
704
703
625
624
615
614
612
604
613
611
610
609
603
89
82
72
74
73
75
83
84
76
77
78
80
79
96
98
99
97
100
101
102
104
113
112
636
637
638
645
653
652
651
650
649
648
647
626
632
633
646
634
635
631
111
105
110
109
108
107
106
95
94
67
93
92
91
90
608
619
620
621
622
623
627
702
701
700
699
698
714
771
781
785
823
824
825
826
830
832
827
776
774
773
775
784
782
783
777
772
715
707
708
716
709
717
718
719
720
736
737
738
735
734
739
792
791
790
908
909
910
911
912
913
928
914
915
917
916
935
937
936
950
939
934
933
932
931
930
929
943
856
831
833
834
841
842
843
844
845
533
862
863
532
866
874
875
873
996
1023
882
881
880
879
872
870
876
559
558
546
868
869
871
867
861
860
859
839
529
858
336
535
328
524
525
836
837
838
840
828
829
835
512
511
500
501
510
509
508
523
522
534
335
326
531
530
332
325
526
319
516
517
518
519
520
521
514
513
507
499
506
505
504
490
503
502
304
515
324
337
528
329
527
330
331
537
334
536
545
550
557
556
569
570
562
560
571
590
593
594
595
596
581
580
579
578
573
572
567
566
564
565
552
551
549
561
553
554
555
547
543
544
542
541
540
539
538
548
350
349
348
347
346
345
344
360
359
358
371
373
374
375
376
377
370
378
382
399
398
397
389
395
396
400
401
393
394
391
392
402
403
404
405
406
407
147
146
145
143
144
175
199
174
200
212
197
172
198
173
171
165
169
164
168
163
162
161
160
159
187
189
190
191
193
192
210
211
209
188
185
186
158
157
156
155
154
153
152
151
181
183
184
182
180
207
206
177
178
208
179
150
149
148
176
220
142
141
13
14
15
2
-1
EOF
