NAME : pcb3
COMMENT : Length 167856
TYPE : TOUR
DIMENSION : 3038
TOUR_SECTION
1
11
162
134
163
161
164
173
174
175
184
183
344
343
336
337
325
326
539
526
524
525
538
537
536
534
535
533
532
523
527
530
529
528
522
521
520
760
765
766
767
769
777
776
775
774
772
773
768
764
763
762
519
518
517
516
759
761
770
771
951
954
962
961
955
956
963
964
957
952
958
959
960
965
1056
1055
1054
1051
1058
1063
1064
1065
1200
1199
1198
1197
1196
1195
1194
1062
1061
1060
1057
1053
1052
1050
1049
1048
1059
1192
1193
1191
1181
1385
1386
1182
1183
1387
1388
1184
1190
1189
1185
1186
1188
1187
1391
1390
1389
1383
1376
1384
1463
1462
1375
1374
1371
1370
1372
1373
1382
1381
1380
1379
1378
1377
1367
1366
1368
1369
1365
1364
1454
1452
1444
1453
1455
1456
1457
1458
1460
1459
1451
1461
1466
1465
1464
1450
1449
1448
1558
1561
1562
1565
1551
1550
1560
1559
1549
1548
1547
1552
1557
1556
1563
1447
1446
1445
1555
1554
1553
1545
1546
1543
1544
1542
1587
1577
1584
1585
1586
1576
1583
1582
1580
1581
1579
1575
1578
1564
1608
1607
1606
1605
1604
1602
1603
1590
1591
1589
1588
1626
1614
1613
2330
2334
2333
2335
2336
2332
2329
2331
1612
1611
1574
1573
1572
1571
1570
1569
1568
1567
1566
2270
2271
2272
2269
2264
2263
2262
2260
2279
2287
2298
2299
2315
2316
2415
2319
2317
2318
2320
2310
2311
2312
2314
2313
2300
2297
2301
2302
2303
2296
2304
2305
2308
2309
2328
2325
2321
2326
2324
2323
2322
2351
2348
2349
2327
2307
2306
2343
2344
2340
2342
2295
2294
2292
2291
2290
2289
2288
2280
2281
2282
2283
2284
2266
2265
2273
2274
2275
2276
1610
2277
2268
2267
2261
2285
2293
2286
2278
2339
2338
2337
2380
2341
2381
2389
2382
2383
2384
2392
2391
2390
2346
2345
2347
2350
2352
2353
2354
2414
2413
2605
2606
2586
2567
2568
2587
2607
2608
2609
2610
2590
2591
2611
2612
2613
2593
2592
2626
2554
2555
2574
2575
2594
2614
2615
2616
2617
2618
2619
2620
2600
2583
2581
2582
2601
2621
2622
2623
2602
2627
2564
2565
2584
2603
2624
2625
2604
2544
2545
2546
2516
2668
2495
2475
2468
2446
1796
1795
1812
1794
1793
1811
1810
1792
1755
1757
1756
1791
1809
1790
1808
1807
1787
1786
1749
1788
1789
1750
1748
1747
1746
1745
1744
1784
1785
1805
1806
1804
1803
1782
1783
1781
1780
1802
1933
1934
2019
2017
2033
2048
2128
2129
2130
2131
2132
2133
2052
2053
2055
2056
2057
2058
2161
2162
2175
2176
2163
2164
2192
2202
2178
2177
2203
2193
2190
2179
2180
2189
2194
2204
2205
2195
2188
2182
2181
2137
2077
2078
2079
2063
2136
2135
2134
2059
2045
2046
2060
2061
2025
2064
2062
2065
2066
1961
1963
1964
1965
1966
1959
1955
1954
1953
1952
1950
1951
1948
1841
1946
1945
1932
1931
1944
1947
2024
1949
1962
2026
2027
2068
2067
2075
2076
2138
2183
2187
2184
2074
2073
2072
2140
2080
2081
2082
2030
2071
2070
2069
1967
1968
1969
1958
1960
1956
1957
1861
1862
1853
1854
1855
1856
1857
1858
1859
1860
1842
1839
1838
1837
1282
1284
1283
1288
1301
1286
1285
1287
1117
1118
1116
1132
1133
1134
1127
1128
1135
1136
1123
1122
895
896
888
887
886
885
883
884
892
893
894
1121
1120
1119
1044
1115
1098
1043
1042
880
882
881
879
878
868
867
877
1029
1030
1040
1041
1097
1102
1114
1113
1280
1279
1266
1267
1281
1826
1825
1824
1830
1823
1265
1264
1263
1262
1261
1268
1269
1275
1276
1277
1278
1112
1111
1110
1109
1108
1274
1272
1271
1273
1106
1107
1105
1104
1101
1087
1088
1089
1035
1034
1033
870
871
872
873
1025
1026
874
875
1027
1036
1037
1038
1092
1091
1090
1093
1095
1094
1096
1039
1028
876
866
865
864
863
862
861
860
855
636
637
856
638
639
857
640
649
648
650
651
653
654
644
635
854
634
656
665
667
652
670
669
671
439
438
437
668
666
664
663
662
435
436
434
440
449
448
447
446
445
444
443
442
284
293
294
467
468
458
451
450
672
675
673
647
641
642
643
646
645
677
676
680
679
681
682
683
684
685
696
695
709
708
471
470
469
713
457
714
712
711
710
702
697
698
699
701
700
678
655
716
715
456
455
454
453
674
452
459
465
466
295
296
297
298
299
461
462
463
464
460
477
476
484
487
488
485
486
489
302
300
113
114
292
291
290
289
288
111
110
109
98
108
97
107
144
143
286
287
285
142
106
96
95
94
93
92
102
103
104
105
141
273
274
275
276
277
278
279
280
281
282
268
269
270
271
272
101
112
91
100
99
90
89
267
283
441
433
661
629
660
657
658
659
633
841
853
859
869
858
1024
1032
1086
1085
1031
1023
1084
1099
1100
1103
1257
1270
1258
1259
1260
1818
1817
1816
1815
1813
1814
1827
1828
1834
1819
1820
1821
1822
1829
1831
1835
1832
1833
1836
1840
1843
1844
1845
1846
1847
1292
1291
1290
1289
1300
1299
1302
1303
1298
1304
1305
1306
1293
1848
1849
1850
1851
1852
1863
1310
1312
1309
1297
1295
1294
1296
1308
1307
1137
1138
1139
1131
1126
1125
1130
1129
1124
897
899
1045
1142
1141
1140
1148
1150
1151
1152
1153
1154
1155
1149
1143
919
918
917
916
915
914
1047
1147
1046
1144
1145
1146
1159
1158
1156
1157
1160
1161
1335
913
910
912
911
908
909
907
906
905
904
903
902
921
920
922
901
891
890
898
889
686
687
688
689
923
900
718
717
719
733
734
690
691
692
693
694
707
706
705
704
703
475
474
473
472
482
483
478
481
480
479
313
511
509
510
314
315
316
308
307
146
145
305
304
306
303
301
115
116
117
118
120
119
121
122
147
148
149
150
317
318
508
507
494
493
492
491
490
737
738
739
740
736
741
742
735
730
731
732
720
721
722
723
724
725
726
727
728
729
746
743
745
744
747
499
500
501
324
155
128
130
129
127
154
153
126
125
124
123
151
152
309
320
319
505
506
495
496
497
498
504
503
502
322
321
310
311
312
323
156
131
133
132
158
157
159
160
514
513
512
750
515
758
757
934
931
938
937
927
926
925
936
928
932
929
930
933
756
755
754
753
752
751
748
749
924
935
939
940
941
942
943
944
945
946
950
949
947
948
1170
1169
1168
1176
1358
1357
1359
1360
1179
1180
1178
1177
1175
1167
1166
1165
1164
1163
1162
1171
1172
1173
1174
1361
1362
1363
1349
1350
1351
1352
1341
1340
1339
1338
1890
1894
1895
1896
1897
1898
1899
1891
1900
1901
1905
1902
1892
1345
1344
1343
1342
1347
1353
1348
1354
1355
1356
1346
1893
1903
1904
1916
1915
1914
1913
1912
1911
1910
1909
1906
1908
1907
1875
1874
1889
1337
1336
1331
1334
1333
1332
1329
1325
1323
1322
1321
1320
1313
1314
1315
1316
1324
1326
1327
1328
1330
1317
1318
1319
1873
1870
1888
1871
1872
1876
1877
1878
1880
1881
1882
1887
1869
1868
1311
1866
1867
1883
1884
1865
1864
1970
1971
1972
1980
1982
1979
2028
2029
1983
1984
1973
1886
1885
1879
1978
1977
1976
1975
1974
1981
1985
1986
1987
1988
1989
2090
2089
2088
2087
2086
2085
2084
2083
2091
2092
2093
2094
2095
2141
2142
2096
2097
2143
2221
2220
2219
2218
2234
2253
2254
2255
2256
2743
2744
2258
2243
2224
2223
2244
2245
2759
2758
2757
2756
2770
2771
2786
2804
2816
2805
2806
2817
2835
2818
2808
2788
2807
2787
2772
2773
2774
2789
2775
2776
2777
2778
2779
2791
2790
2809
2819
2811
2810
2812
2813
2842
2841
2844
2840
2839
2838
2837
2836
2832
2834
2833
2831
2830
2826
2825
2829
2989
2988
2987
2986
2828
2824
2823
2827
2822
2821
2820
2782
2794
2795
2796
2797
2798
2799
2800
2801
2802
2815
2803
2785
2754
2755
2742
2741
2740
2739
2738
2745
2751
2752
2753
2784
2783
2750
2747
2748
2749
2737
2736
2735
2746
2781
2667
2214
2657
2658
2659
2654
2655
2656
2729
2731
2733
2711
2734
2732
2730
2867
2892
2893
2868
2869
2894
2916
2938
2915
2891
2937
2958
2979
3035
3036
3015
2983
3014
2981
2982
2985
2984
3019
3016
3017
3020
3022
3018
2990
2991
3021
3024
3023
3004
3003
3002
2992
2993
2994
2995
3005
3006
3025
3026
3028
3027
3008
3007
2996
2997
2998
3009
3029
3030
3032
3033
3037
3038
3013
3012
3031
3011
3010
2999
3000
3001
2845
2843
2814
2792
2793
2780
2769
2768
2767
2763
2762
2766
2760
2761
2249
2250
2251
2764
2765
2259
2252
2229
2230
2231
2125
2123
2122
2124
2121
2120
2119
2149
2226
2227
2228
2248
2247
2246
2225
2115
2099
2098
2032
2031
2004
1994
1995
1996
1997
1990
1991
1998
1999
1992
1993
2000
2005
2001
2002
2003
2006
2014
2015
2016
2107
2108
2109
2114
2113
2112
2111
2106
2105
2013
2012
2011
2010
2009
2008
2007
2100
2101
2102
2103
2104
2110
2118
2117
2116
2147
2148
2146
2145
2144
2240
2222
2242
2257
2241
2239
2238
2237
2236
2235
2217
2215
2216
2233
2232
2213
2212
2139
2186
2185
2191
2200
2201
2211
2210
2209
2199
2198
2197
2196
2206
2207
2208
2660
2653
2652
2661
2662
2651
2650
2663
2664
2649
2648
2665
2666
2647
2646
2645
2644
2639
2638
2640
2641
2642
2643
2706
2707
2708
2709
2715
2716
2714
2720
2718
2717
2719
2710
2725
2727
2728
2726
2723
2721
2722
2724
2865
2866
2890
2889
2864
2862
2863
2888
2887
2910
2911
2933
2954
2955
2934
2912
2913
2914
2936
2935
2956
2957
2978
2977
2976
2975
2974
2953
2952
2932
2931
2930
2951
2973
2972
2971
2970
2969
2968
2967
2947
2926
2925
2903
2904
2905
2927
2948
2928
2949
2950
2929
2906
2907
2908
2909
2886
2861
2860
2885
2884
2883
2882
2881
2859
2848
2704
2849
2713
2712
2705
2691
2681
2680
2690
2703
2702
2856
2855
2853
2847
2851
2850
2872
2873
2895
2896
2918
2919
2897
2901
2874
2852
2875
2876
2854
2877
2878
2879
2857
2858
2880
2902
2980
2900
2922
2943
2944
2923
2924
2945
2946
2966
2965
2964
2963
2942
2921
2899
2898
2920
2941
2962
2961
2940
2939
2960
3034
2959
2917
2870
2871
2846
2692
2693
2694
2671
2670
2669
2635
2634
2672
2682
2695
2696
2683
2673
2636
2674
2675
2684
2697
2698
2699
2685
2686
2687
2700
2701
2688
2689
2679
2678
2677
2676
2637
2632
2169
2155
2156
2171
2170
2172
2173
2174
2160
2159
2158
2157
2154
2165
2628
2629
2630
2633
2631
2168
2153
2167
2166
2152
2151
2150
2126
2127
2047
2049
2050
2051
2037
2036
2035
2034
2018
2021
2020
1935
1936
1937
1924
1925
1926
1939
1938
2022
2023
2054
2038
2039
2040
2041
2042
2043
2044
1940
1941
1942
1943
1930
1929
1928
1927
1919
1918
1917
1923
1922
1921
1920
1801
1800
1777
1776
1775
1738
1739
1778
1779
1741
1742
1743
1699
1700
1701
1680
1514
1698
1697
1696
1695
1740
1737
1736
1693
1694
1443
1442
1429
1421
1422
1536
1535
1532
1533
1528
1525
1505
1506
1507
1508
1509
1510
1511
1512
1516
1518
1540
1539
1538
1537
1519
1517
1520
1521
1522
1523
1524
1529
1534
1419
1420
1430
1433
1434
1438
1437
1439
1440
1441
1431
1423
1424
1425
1427
1428
1426
1541
1515
1513
1681
1702
1703
1705
1704
1706
2437
1642
1643
1641
1639
1645
1644
1640
1654
1656
1657
1668
1666
1667
1659
1658
1652
1653
1638
1646
1647
1648
1649
1635
1636
1637
1660
1661
1663
1664
1665
2416
2417
2418
2419
2420
2421
2422
2423
2424
2425
1673
1671
1672
1670
1669
1655
1682
1707
1708
1709
1753
1752
1751
1754
1710
1711
1712
1713
1714
1760
1761
1762
1763
1759
1758
1764
2445
2467
2465
2466
2444
2443
2442
2441
2440
2439
2438
2459
2458
2473
2486
2507
2521
2522
2508
2509
2510
2511
2490
2489
2488
2487
2460
2461
2462
2463
2464
2491
2512
2513
2514
2493
2492
2474
2494
2515
2523
2543
2542
2541
2540
2563
2562
2539
2538
2561
2580
2599
2598
2579
2560
2537
2559
2558
2577
2578
2597
2596
2595
2576
2556
2557
2536
2535
2534
2533
2532
2553
2572
2571
2573
2552
2531
2530
2529
2551
2570
2589
2588
2569
2549
2550
2528
2517
2499
2479
2500
2501
2480
2472
2471
2452
2363
2453
2454
2482
2481
2502
2503
2518
2504
2505
2519
2520
2506
2485
2484
2483
2455
2456
2457
2436
2435
2434
2433
2432
2431
2430
2451
2450
2429
2428
2427
2448
2449
2470
2478
2477
2476
2497
2498
2526
2525
2548
2566
2585
2412
2547
2527
2524
2496
2405
2403
2388
2404
2406
2409
2407
2408
2410
2411
2396
2393
2395
2394
2387
2386
2385
2378
2379
2371
2377
2376
2372
2367
2368
2369
2370
2356
2355
2357
2358
2359
2360
2361
2362
2398
2400
2364
2365
2366
2373
2375
2374
2402
2469
2447
2426
2401
2399
2397
1632
1631
1621
1620
1619
1618
1617
1616
1615
1624
1623
1625
1622
1630
1662
1651
1634
1633
1650
1627
1504
1526
1527
1500
1531
1530
1418
1432
1417
1502
1501
1503
1495
1494
1400
1415
1414
1413
1412
1416
1411
1410
1409
1408
1407
1402
1393
1394
1401
1395
1493
1492
1485
1481
1483
1486
1487
1488
1480
1479
1489
1396
1397
1398
1399
1491
1490
1478
1496
1497
1498
1499
1477
1476
1599
1595
1598
1597
1628
1629
1596
1594
1593
1592
1601
1600
1475
1474
1473
1472
1471
1469
1470
1609
1468
1482
1484
1467
1403
1392
1406
1405
1404
1201
1204
1227
1226
1205
1206
1203
1202
1207
1208
1209
1210
1211
1212
1213
1214
1215
1435
1216
1217
1218
1220
1082
1083
996
997
982
983
984
819
820
797
821
798
575
574
571
553
554
570
786
785
788
787
796
979
795
793
792
791
970
969
790
779
789
782
781
780
547
548
555
549
550
551
552
784
783
794
974
975
976
978
980
981
1074
1075
977
1073
1080
1081
1221
1219
1222
1223
1224
1225
1077
1078
1079
1072
1070
1071
973
972
971
1069
1068
1076
1067
1066
966
967
968
953
778
541
540
542
546
346
545
544
543
557
558
556
564
566
565
567
568
569
350
351
352
353
354
355
563
559
562
561
560
572
573
603
371
370
369
372
214
213
228
229
230
231
389
390
391
373
374
375
383
377
376
601
602
591
590
600
599
598
588
596
597
595
594
593
592
586
585
584
583
582
804
805
811
814
816
815
812
801
802
803
580
581
587
579
578
589
577
576
799
800
823
822
817
818
985
986
987
1001
1002
1003
1004
1006
1007
992
993
994
1008
1677
1676
1675
1683
1684
1674
1014
1015
1010
843
844
845
831
830
829
606
608
607
609
610
611
612
613
614
632
615
838
842
852
1022
1021
1020
1019
848
834
849
1013
850
836
837
840
839
835
833
832
846
847
1011
1012
1018
1017
1016
1715
1716
1717
1719
1765
1766
1767
1768
1769
1797
1723
1728
1771
1770
1798
1799
1774
1773
1772
1735
1734
1732
1727
1722
1720
1718
1721
1726
1729
1730
1731
1733
1692
1691
1690
1689
1679
1688
1725
1724
1686
1685
1687
1678
1009
1005
1252
1246
1240
1247
1248
1241
1249
1250
1251
1239
1238
1237
1236
1235
1234
1436
1233
1232
1231
1230
1228
1229
1242
1243
1244
1245
1253
1254
1255
1256
998
999
1000
995
988
989
990
991
824
825
826
827
828
851
813
809
810
806
807
808
605
604
394
393
397
396
395
421
420
419
403
402
401
628
625
624
623
627
622
621
620
619
618
626
617
616
631
630
410
412
413
414
415
426
425
424
423
422
411
409
408
407
406
405
404
418
417
416
427
428
429
430
431
257
258
259
260
261
262
263
264
265
266
251
88
78
77
76
75
74
84
85
86
87
250
249
255
248
247
254
246
140
83
73
72
71
70
69
79
80
139
81
82
245
244
243
242
252
241
253
256
399
239
400
432
236
384
385
386
398
392
381
380
379
378
382
388
387
233
232
227
234
235
237
238
240
138
67
66
65
64
56
57
55
54
53
51
52
62
63
221
222
226
225
224
220
219
218
223
217
216
58
59
60
61
50
48
49
47
46
42
215
45
44
41
30
40
39
29
28
27
37
38
195
194
193
192
191
189
32
21
22
23
24
25
26
36
68
35
34
33
137
190
198
201
200
202
203
204
205
206
199
196
43
212
211
208
209
210
368
367
366
365
356
357
207
358
359
360
361
362
363
364
349
348
347
180
177
179
185
340
339
338
333
332
345
331
531
330
329
328
327
335
334
342
341
176
181
178
182
186
197
187
188
31
10
9
8
7
6
16
17
18
19
20
172
171
170
168
169
167
136
135
166
165
12
13
14
15
5
4
3
2
-1
EOF
