NAME : pcb4
COMMENT : Length 59198
TYPE : TOUR
DIMENSION : 442
TOUR_SECTION
1
34
66
102
103
114
126
136
149
161
172
185
186
173
162
174
399
396
187
175
152
151
150
137
389
392
138
116
387
127
386
441
115
104
67
35
68
36
37
69
70
38
39
71
72
40
73
41
42
74
75
43
44
45
46
47
79
78
77
76
99
105
106
107
141
129
118
117
128
139
153
393
163
176
188
200
213
222
230
415
250
249
248
247
246
245
229
221
212
211
403
407
228
406
401
400
405
227
234
238
239
270
266
269
273
276
279
281
282
428
341
342
346
347
348
433
349
350
351
352
340
312
313
314
288
287
286
285
311
339
310
284
280
283
309
308
440
426
277
274
271
267
240
235
241
242
243
244
424
421
425
292
318
316
317
291
290
289
315
343
353
354
434
355
356
357
358
359
435
321
322
297
298
299
300
301
302
326
327
431
325
429
324
323
430
360
361
344
362
364
363
365
366
329
328
303
304
305
306
332
331
330
345
367
368
369
370
371
372
373
374
375
337
338
427
335
336
432
334
333
307
437
275
423
272
416
264
263
236
218
208
197
182
196
195
194
181
168
144
391
131
143
156
167
180
193
192
398
179
395
394
390
388
120
121
385
382
109
381
84
85
86
54
53
52
19
20
21
22
55
87
378
88
89
90
58
57
56
23
24
25
26
59
91
110
122
132
145
157
169
158
146
133
123
111
112
124
380
379
96
64
63
95
436
101
92
93
94
62
61
60
27
28
29
30
31
376
377
33
32
65
97
98
384
383
113
125
135
148
134
147
159
170
160
171
184
199
183
198
209
219
210
220
226
237
265
414
411
410
268
420
438
422
419
260
261
262
413
207
206
205
217
404
412
408
409
204
216
225
233
255
256
257
258
259
278
296
295
294
320
319
293
417
418
254
253
252
251
231
223
232
224
215
203
202
402
214
201
397
189
177
165
164
140
154
190
191
178
166
155
142
130
119
108
439
83
51
18
17
16
49
50
82
81
100
80
48
15
14
13
12
11
10
9
8
7
6
5
4
3
2
442
-1
EOF
