NAME : pr1002
COMMENT : Length 324532
TYPE : TOUR
DIMENSION : 1002
TOUR_SECTION
1
76
75
79
77
95
94
93
78
90
92
96
99
97
98
91
89
88
83
52
53
51
50
41
42
43
44
45
312
317
318
319
325
326
331
314
36
35
30
29
28
27
20
19
18
21
22
23
25
26
31
24
32
33
34
39
40
38
37
313
315
316
311
310
309
307
308
321
320
322
294
293
295
296
288
287
404
403
289
290
291
292
402
408
409
380
381
382
400
396
397
401
399
398
328
327
323
324
329
330
332
333
334
335
336
337
338
342
343
344
341
339
340
394
395
384
383
385
386
388
389
387
393
390
392
391
352
353
350
351
345
346
349
347
348
354
359
358
360
361
363
364
365
362
367
366
368
378
379
377
369
370
372
371
375
376
412
411
413
437
436
435
427
419
421
422
424
425
426
420
418
417
414
415
416
406
410
407
405
423
465
460
458
459
473
474
471
480
479
481
482
998
478
477
472
476
475
454
584
583
582
581
580
579
514
515
516
517
520
518
519
521
522
523
524
530
525
526
527
528
529
531
532
534
533
535
536
537
538
829
830
831
832
833
834
836
835
828
816
818
819
817
827
826
541
543
542
552
551
550
549
548
547
544
540
545
539
546
563
561
562
564
565
566
567
568
569
570
571
572
591
592
559
557
556
558
560
553
825
824
823
820
811
821
822
554
555
797
796
798
808
799
801
802
804
803
782
912
911
910
909
1001
806
805
800
807
809
810
908
907
906
905
916
917
904
903
918
902
901
900
899
919
920
887
886
888
889
891
893
846
892
877
890
870
871
872
869
868
873
874
847
850
853
854
857
858
852
851
843
844
895
845
849
848
894
896
898
897
842
813
812
814
815
841
840
839
838
837
1002
859
860
856
855
865
864
862
861
863
866
867
875
876
878
879
880
881
882
883
884
885
921
922
923
924
925
927
928
929
932
931
930
926
915
914
913
777
776
780
779
778
781
783
784
786
785
787
788
793
794
792
791
790
751
733
734
745
744
738
739
740
704
702
703
966
963
964
965
951
952
949
950
978
977
976
980
985
986
987
982
981
975
974
973
967
968
701
700
969
972
971
970
692
688
689
690
691
693
694
698
699
705
697
706
707
696
695
716
721
717
718
720
719
680
681
678
679
673
674
677
675
676
682
687
686
685
683
684
988
989
990
984
983
979
948
947
946
945
944
943
942
941
933
936
934
935
958
957
956
939
938
937
940
955
954
953
993
961
962
766
767
960
769
768
770
959
771
772
773
775
774
762
761
760
759
758
757
1000
763
764
765
741
742
743
747
755
756
789
753
752
754
748
746
749
750
732
731
735
736
737
708
709
714
713
711
710
712
723
715
722
668
667
666
669
672
671
670
665
664
663
726
725
724
728
729
727
620
619
621
622
650
651
647
653
652
655
656
662
661
660
356
355
357
659
658
657
654
642
643
644
641
373
640
638
637
639
645
646
648
649
623
624
618
617
730
616
615
614
627
628
626
625
636
635
374
634
633
992
439
438
440
441
632
629
630
631
442
446
447
445
444
443
607
606
608
605
609
610
611
612
613
795
604
603
602
601
600
599
595
593
594
590
574
573
578
575
589
596
597
588
576
577
587
598
586
585
449
448
450
455
456
457
453
451
452
434
433
432
997
431
430
429
428
461
462
463
464
466
467
468
469
470
497
495
496
494
493
483
484
492
491
490
486
485
513
512
511
510
999
509
508
507
506
505
504
503
502
501
499
500
487
488
489
498
213
211
210
207
205
208
209
218
219
217
212
216
215
214
223
222
234
233
232
230
231
235
236
221
220
224
225
226
227
228
229
267
269
268
266
265
264
263
262
261
260
249
248
247
246
245
250
252
253
254
255
256
126
125
127
128
129
132
130
131
145
146
147
148
995
251
244
243
242
238
240
241
239
190
237
191
192
189
188
194
197
201
198
193
199
200
206
204
203
996
202
196
195
187
186
157
159
158
162
163
160
185
184
183
182
181
180
179
174
175
176
177
178
173
170
171
172
161
167
169
168
166
165
156
164
155
154
153
150
149
144
143
151
152
142
141
140
139
138
137
135
136
134
133
100
102
101
994
103
104
105
106
118
115
116
117
119
124
123
122
120
121
257
258
259
270
271
272
273
274
275
276
277
281
280
279
278
285
286
297
298
299
300
283
284
282
301
305
991
306
111
110
112
113
304
302
303
114
107
108
109
46
47
48
49
84
85
86
87
82
81
54
80
74
70
71
73
69
68
72
56
55
57
58
59
60
61
62
17
15
14
13
16
63
64
65
66
67
12
11
10
9
8
7
6
3
2
5
4
-1
EOF
