NAME : pr136
COMMENT : Length 107580
TYPE : TOUR
DIMENSION : 136
TOUR_SECTION
1
17
19
31
27
28
7
8
2
16
20
32
37
50
54
66
71
83
87
100
88
77
78
70
82
89
101
91
92
79
80
57
58
45
46
36
48
55
67
59
60
49
43
44
25
26
15
9
10
3
14
21
33
23
24
11
12
4
13
22
34
35
47
56
68
69
81
90
102
103
115
124
133
125
126
113
114
104
116
123
134
127
128
122
111
112
93
94
105
117
121
135
129
130
109
110
106
118
120
136
131
132
119
107
108
97
98
85
73
74
72
84
86
99
95
96
75
76
61
62
41
42
38
51
53
65
63
64
52
39
40
29
30
18
5
6
-1
EOF
