NAME : pr144
COMMENT : Length 62714
TYPE : TOUR
DIMENSION : 144
TOUR_SECTION
1
2
28
29
30
34
33
32
31
49
50
51
52
53
54
55
56
57
58
60
59
48
47
46
61
62
63
64
65
66
67
68
69
70
73
74
75
76
77
78
89
90
99
100
101
102
103
109
108
107
106
105
104
88
87
79
80
81
82
83
84
85
86
110
111
112
113
114
144
143
142
141
140
139
138
137
136
135
134
133
132
131
115
130
129
128
127
126
125
124
123
122
121
120
119
118
117
116
98
97
96
95
94
93
92
91
72
71
45
44
43
18
17
41
42
16
15
14
13
12
11
10
9
7
8
19
20
21
40
39
38
37
27
26
35
36
25
24
23
22
6
5
4
3
-1
EOF
