NAME : pr152
COMMENT : Length 88813
TYPE : TOUR
DIMENSION : 152
TOUR_SECTION
1
35
36
34
37
33
32
47
48
49
50
76
74
75
73
51
52
53
72
71
70
69
54
45
46
97
98
99
114
113
100
89
80
90
79
91
78
92
77
93
94
95
116
115
96
123
124
125
126
152
150
151
127
128
129
130
149
148
147
131
132
121
122
119
120
133
134
146
145
144
135
136
137
138
143
142
141
139
140
117
118
105
106
107
110
109
108
85
84
86
83
87
82
88
81
101
102
103
112
111
104
43
44
55
56
68
67
66
65
57
58
59
64
63
62
61
60
41
42
20
21
19
40
18
17
9
8
10
7
11
6
12
5
26
25
24
39
23
22
31
30
29
38
28
27
13
4
14
3
15
2
16
-1
EOF
