NAME : pr226
COMMENT : Length 98780
TYPE : TOUR
DIMENSION : 226
TOUR_SECTION
1
2
3
4
11
12
13
71
68
70
69
67
65
66
111
112
113
114
115
116
117
118
119
120
121
122
123
124
125
224
225
226
223
222
221
220
219
218
217
216
215
205
206
212
213
214
211
210
209
208
207
204
203
202
201
200
199
198
197
196
195
194
193
192
191
136
135
134
133
132
130
131
129
127
128
126
110
109
108
107
106
104
105
103
64
63
62
61
60
59
58
57
56
55
54
53
52
51
21
22
23
24
31
32
33
48
45
47
46
44
42
43
95
96
97
98
99
100
101
102
137
138
139
140
141
142
143
188
189
190
187
186
185
184
183
182
181
180
179
169
170
176
177
178
175
174
173
172
171
168
167
166
165
164
163
162
161
160
159
158
157
156
155
154
153
152
151
150
148
149
147
145
146
144
94
93
92
91
90
88
89
87
41
40
39
38
37
36
35
34
30
29
27
26
25
28
49
50
20
19
18
17
16
15
14
10
9
7
6
5
8
72
73
86
85
84
83
82
81
80
79
78
77
76
75
74
-1
EOF
