NAME : pr2392
COMMENT : Length 481393
TYPE : TOUR
DIMENSION : 2392
TOUR_SECTION
1
2392
2391
2388
2389
2390
3
2
2387
2386
2385
2384
2377
2376
2378
2379
2380
2382
2383
2381
2370
2371
2368
2367
2366
2369
2365
2364
2362
2361
2360
2359
2353
2351
2349
2348
2352
2363
2347
2345
2346
2344
2282
2350
2280
2281
2283
2284
2290
2291
2293
2294
2295
2299
2300
2301
2302
2304
2303
2305
2306
2308
2307
2309
2310
2311
1313
1314
1312
2319
2320
2322
2321
2318
2317
2316
2315
2314
2313
2312
2298
2297
2296
2292
2287
2288
2289
2285
2286
2343
2342
2341
2338
2337
2339
2340
2373
2375
2372
2374
2336
2335
2334
2333
2332
2325
2324
2323
1309
1308
1310
1311
1302
1301
1300
1296
1295
1294
1286
1287
1288
1289
1290
1292
1293
1291
1315
1316
1318
1319
1320
1317
1321
1322
1324
1325
1326
1327
1333
1335
1337
1338
1334
1323
1339
1341
1340
1342
1409
1336
1332
1328
1329
2267
2268
2274
2275
2276
2277
2278
2279
2354
2358
2357
2161
2159
2160
2157
2156
2158
2166
2167
2168
2169
2165
2164
2163
2162
2356
2355
2273
2272
2271
2263
2262
2260
2261
2259
2255
2254
2253
2252
2249
2248
2247
2174
2173
2172
2170
2171
2153
2155
2154
2152
2151
2149
2150
2148
2147
2145
2144
2146
2143
2142
2141
2140
2139
2138
2137
2136
2196
2195
2193
2194
2197
2198
2199
2192
2191
2190
2241
2242
2243
2235
2236
2237
2238
2240
2239
2208
2209
2219
2211
2210
2212
2213
2206
2207
2205
2200
2201
2202
2203
2204
2214
2215
2216
2217
2218
2220
2221
2222
2223
2225
2224
2232
2231
2230
2233
2234
2245
2244
2186
2187
2188
2189
2183
2185
2184
2182
2181
2180
2179
2177
2178
2176
2175
2246
2250
2251
2228
2229
2226
2227
2257
2256
2258
2265
2266
2264
2270
2269
1508
1510
1509
1512
1513
1511
1503
1502
1501
1500
1504
1505
1506
1507
1330
1331
1418
1419
1420
1428
1429
1431
1430
1432
1436
1437
1438
1439
1463
1464
1465
1495
1496
1497
1499
1498
1516
1514
1515
1517
1518
1520
1519
1521
1522
1524
1525
1523
1526
1527
1528
1529
1530
1531
1532
1533
1535
1534
1539
1536
1537
1538
1542
1541
1540
1479
1478
1477
1469
1471
1472
1473
1474
1476
1475
1458
1457
1452
1455
1456
1552
1551
1550
1549
1548
1543
1544
1545
1546
1547
1555
1554
1553
1454
1453
1451
1450
1449
1448
1444
1447
1459
1446
1445
1460
1470
1467
1468
1483
1482
1481
1480
1486
1484
1485
1487
1488
1489
1490
1492
1491
1493
1494
1466
1462
1461
1440
1442
1443
1441
1434
1435
1433
1426
1425
1427
1421
1422
1043
1041
1042
1039
1038
1040
1048
1049
1050
1051
1047
1046
1045
1044
1238
1237
1155
1154
1153
1145
1144
1142
1143
1141
1137
1136
1135
1134
1131
1130
1129
1056
1055
1054
1052
1053
1035
1037
1036
1034
1033
1031
1032
1030
1029
1027
1026
1028
1025
1024
1023
1022
1021
1020
1019
1018
1078
1077
1075
1076
1079
1080
1081
1074
1073
1072
1123
1124
1125
1117
1118
1119
1120
1122
1121
1090
1091
1101
1093
1092
1094
1095
1088
1089
1087
1082
1083
1084
1085
1086
1096
1097
1098
1099
1100
1102
1103
1104
1105
1107
1106
1114
1113
1112
1115
1116
1127
1126
1068
1069
1070
1071
1065
1067
1066
1064
1063
1062
1061
1059
1060
1058
1057
1128
1132
1133
1110
1111
1108
1109
1139
1138
1140
1147
1148
1146
1152
1151
354
356
355
358
359
357
349
348
347
346
350
351
352
353
176
177
264
265
266
274
275
277
276
278
282
283
284
285
309
310
311
341
342
343
345
344
362
360
361
363
364
366
365
367
368
370
371
369
372
373
374
375
376
377
378
379
381
380
385
382
383
384
388
387
386
325
324
323
315
316
318
319
320
322
321
304
303
298
301
302
398
397
396
395
394
389
390
391
392
393
972
971
970
968
969
967
965
966
964
415
416
417
418
419
421
420
961
962
963
978
977
976
975
974
973
987
986
985
982
983
984
979
980
981
994
906
905
907
993
992
991
990
989
988
1002
1001
1000
998
999
997
995
996
894
901
900
899
898
897
896
895
891
892
893
1008
1007
1006
1005
1004
1003
1017
1016
1015
1012
1013
1014
1009
1010
1011
880
881
882
890
889
888
887
886
884
883
885
861
860
858
857
856
859
855
854
852
851
850
849
843
841
839
838
842
853
837
835
836
834
767
840
765
766
768
769
775
776
778
779
780
784
785
786
787
789
788
790
791
793
792
794
795
796
797
798
799
805
804
814
813
812
811
810
809
808
806
807
783
782
781
777
772
773
774
770
771
833
832
831
828
827
829
830
826
824
825
823
822
821
820
819
818
817
816
815
802
801
803
800
902
903
904
908
909
910
917
918
916
915
914
912
911
913
924
923
926
927
928
925
929
930
932
933
934
935
941
943
945
946
942
931
947
949
948
950
474
944
940
936
937
752
753
759
760
761
762
763
764
844
848
847
1742
1741
1735
1734
1733
1732
1731
1730
1729
1728
1726
1723
1725
1718
1716
1715
1714
1710
1709
1708
1707
1705
1706
1704
1703
1701
1702
1700
1699
1698
863
862
864
1690
1689
1687
1688
1691
1692
1693
1694
1695
1696
1697
1711
1712
1713
1717
1720
1719
1724
1722
1721
1666
1667
1668
1671
1672
1670
1669
1636
1634
1637
1635
1673
1674
1675
1676
1677
1684
1685
1686
867
868
866
865
874
875
876
1562
878
877
879
1561
1560
1559
1558
1557
1556
1570
1569
1568
1566
1567
1565
1563
1564
1681
873
872
871
869
870
1683
1682
1678
1679
1680
1576
1575
1574
1573
1572
1571
1585
1584
1583
1580
1581
1582
1577
1578
1579
1592
1621
1620
1622
1591
1590
1589
1588
1587
1586
1600
1599
1598
1596
1597
1595
1593
1594
1609
1616
1615
1614
1613
1612
1611
1610
2074
2073
1608
1606
1605
1604
1603
1602
1601
2135
2134
2133
2130
2131
2132
1607
2129
2128
2127
2126
2125
2118
2117
2119
2120
2121
2123
2124
2122
2111
2112
2109
2108
2107
2110
2106
2105
2103
2102
2101
2100
2094
2092
2090
2089
2093
2104
2088
2086
2087
2085
2020
2091
2018
2019
2021
2022
2028
2029
2031
2032
2033
2037
2038
2039
2040
2042
2041
2043
2044
2046
2045
2047
2048
2049
2050
2051
2052
2058
2057
2067
2066
2065
2064
2063
2062
2061
2059
2060
2036
2035
2034
2030
2025
2026
2027
2023
2024
2084
2083
2082
2079
2078
2080
2081
2114
2116
2113
2115
2077
2076
2075
2072
2071
2070
2069
2068
2055
2054
2056
2053
1617
1618
1619
1623
1624
1625
1632
1633
1631
1630
1629
1627
1626
1628
1639
1638
1641
1642
1643
1640
1644
1645
1647
1648
1649
1650
1656
1658
1660
1661
1657
1646
1662
1664
1663
1665
1727
1659
1655
1651
1652
2005
2006
2012
2013
2014
2015
2016
2017
2095
2099
2098
1921
1919
1920
1917
1916
1918
1926
1927
1928
1929
1925
1924
1923
1922
2097
2096
2011
2010
2009
2001
2000
1998
1999
1997
1993
1992
1991
1990
1966
1965
1964
1934
1933
1932
1930
1931
1913
1915
1914
1912
1911
1910
1909
1908
1907
1905
1904
1906
1903
1902
1901
1900
1899
1898
1897
1896
1894
1895
1890
1893
1892
1891
1887
1888
1889
1950
1951
1952
1960
1959
1957
1956
1955
1953
1954
1971
1972
1977
1974
1973
1877
1878
1879
1880
1881
1886
1885
1884
1883
1882
1875
1874
1876
1975
1976
1978
1979
1980
1981
1985
1982
1970
1983
1984
1969
1958
1962
1961
1946
1947
1948
1949
1943
1945
1944
1942
1941
1940
1939
1937
1938
1936
1935
1963
1967
1968
1989
1987
1986
1988
1995
1994
1996
2003
2004
2002
2008
2007
1848
1850
1849
1852
1853
1851
1843
1842
1841
1840
1844
1845
1846
1847
1653
1654
1736
1737
1738
1746
1747
1749
1748
1750
1754
1755
1756
1757
1760
1761
1762
1835
1836
1837
1839
1838
1856
1854
1855
1857
1858
1860
1859
1861
1862
1864
1865
1863
1866
1867
1868
1869
1870
1873
1872
1871
1813
1814
1816
1815
1812
1811
1810
1817
1818
1819
1768
1767
1766
1774
1773
1772
1771
1769
1770
1801
1800
1790
1798
1799
1797
1796
1803
1802
1804
1809
1808
1807
1806
1805
1795
1794
1793
1792
1791
1789
1788
1787
1786
1784
1785
1777
1778
1779
1776
1775
1764
1765
1823
1822
1821
1820
1826
1824
1825
1827
1828
1829
1830
1832
1831
1833
1834
1763
1759
1758
1781
1780
1783
1782
1752
1753
1751
1744
1743
1745
1739
1740
668
666
667
664
663
665
673
674
675
676
672
671
670
669
846
845
758
757
756
748
747
745
746
744
740
739
738
737
713
712
711
681
680
679
677
678
660
662
661
659
658
656
657
655
654
652
651
653
650
649
648
647
646
645
644
643
641
642
637
640
639
638
634
635
636
697
698
699
707
706
704
703
702
700
701
718
719
724
721
720
624
625
626
627
628
633
632
631
630
629
622
621
623
722
723
725
726
727
728
732
729
717
730
731
716
705
709
708
693
694
695
696
690
692
691
689
688
687
686
684
685
683
682
710
714
715
736
734
733
735
742
741
743
750
751
749
755
754
595
597
596
599
600
598
590
589
588
587
591
592
593
594
938
939
483
484
485
493
494
496
495
497
501
502
503
504
507
508
509
582
583
584
586
585
603
601
602
604
605
607
606
608
609
611
612
610
613
614
615
616
617
620
619
618
560
561
563
562
559
558
557
564
565
566
515
514
513
521
520
519
518
516
517
548
547
537
545
546
544
543
550
549
551
556
555
554
553
552
542
541
540
539
538
536
535
534
533
531
532
524
525
526
523
522
511
512
570
569
568
567
573
571
572
574
575
576
577
579
578
580
581
510
506
505
528
527
530
529
499
500
498
491
490
492
486
487
489
488
482
481
480
479
478
477
476
475
473
470
472
465
463
462
461
457
456
455
454
452
453
451
450
448
449
447
446
445
444
443
442
436
437
427
428
429
430
431
432
433
435
434
458
459
460
464
467
466
471
469
468
951
952
953
956
957
955
954
921
919
922
920
958
959
960
422
423
424
425
426
439
440
438
441
414
413
412
407
410
411
409
408
406
405
404
403
402
401
400
399
300
299
297
296
295
294
290
293
305
292
291
306
317
313
314
329
328
327
326
332
330
331
333
334
335
336
338
337
339
340
312
308
307
286
288
289
287
280
281
279
272
271
273
267
268
270
269
263
262
261
260
259
258
257
256
254
253
247
246
244
243
242
238
237
236
235
233
234
232
231
229
230
228
227
226
225
224
223
217
218
208
209
210
211
212
213
214
216
215
239
240
241
245
250
249
248
252
251
189
190
191
194
195
193
192
196
198
197
199
200
201
202
203
204
205
206
207
220
221
219
222
120
119
118
108
116
117
115
114
113
112
111
110
109
100
101
102
104
103
105
107
106
128
121
122
123
124
125
126
127
131
130
129
94
95
96
97
98
99
85
86
87
90
89
88
93
92
91
78
144
145
143
79
80
81
82
83
84
70
71
72
74
73
75
77
76
1210
149
150
151
153
152
1208
1209
1213
1212
1211
64
65
66
67
68
69
55
56
57
60
59
58
63
62
61
1268
1267
1266
1259
1258
1260
1261
1262
1264
1265
1263
1252
1253
1250
1249
1248
1251
1247
1246
1244
1243
1242
1241
1235
1233
1231
1230
1234
1245
1229
1227
1228
1226
1164
1232
1162
1163
1165
1166
1172
1173
1175
1176
1177
1181
1182
1183
1184
1186
1185
1187
1188
1190
1189
1191
1192
1193
159
160
158
1201
1202
1204
1203
1200
1199
1198
1197
1196
1195
1194
1180
1179
1178
1174
1169
1170
1171
1167
1168
1225
1224
1223
1220
1219
1221
1222
1255
1257
1254
1256
1218
1217
1216
1215
1214
1207
1206
1205
155
154
156
157
148
147
146
142
141
140
132
133
134
135
136
138
139
137
161
162
164
165
166
163
167
168
170
171
172
173
179
181
183
184
180
169
185
187
186
188
255
182
178
174
175
1149
1150
1156
1157
1158
1159
1160
1161
1236
1240
1239
1424
1423
1417
1416
1415
1414
1413
1412
1411
1410
1408
1405
1407
1400
1398
1397
1396
1392
1391
1390
1389
1387
1388
1386
1385
1383
1384
1382
1381
1380
1379
1378
1377
1371
1372
1362
1363
1364
1365
1366
1367
1368
1370
1369
1393
1394
1395
1399
1402
1401
1406
1404
1403
1343
1344
1345
1348
1349
1347
1346
1350
1352
1351
1353
1354
1355
1356
1357
1358
1359
1360
1361
1374
1375
1373
1376
1274
1273
1272
48
1270
1271
1269
49
50
51
52
53
54
40
41
42
44
43
45
47
46
1282
1275
1276
1277
1278
1279
1280
1281
1285
1284
1283
34
35
36
37
38
39
25
26
27
30
29
28
33
32
31
18
1298
1299
1297
19
20
21
22
23
24
10
11
12
14
13
15
17
16
2328
1303
1304
1305
1307
1306
2326
2327
2331
2330
2329
4
5
6
7
8
9
-1
EOF
