NAME : pr264
COMMENT : Length 58841
TYPE : TOUR
DIMENSION : 264
TOUR_SECTION
1
39
34
33
28
27
22
21
16
17
18
74
75
98
99
100
95
96
97
76
77
13
14
15
10
9
5
4
3
2
84
83
82
6
80
81
7
8
11
12
78
79
92
93
94
89
90
91
86
85
87
88
132
131
130
101
102
103
72
73
19
20
23
24
70
71
104
105
106
107
108
109
68
69
25
26
29
30
66
67
64
65
31
32
35
36
62
63
116
115
110
111
114
117
118
113
112
146
145
144
143
142
141
140
139
138
186
185
184
211
210
252
251
254
253
209
208
189
188
187
137
136
135
196
134
133
199
201
202
198
197
205
193
194
195
192
191
190
207
206
256
255
257
258
204
203
200
259
260
261
262
263
250
249
213
212
183
182
181
180
179
178
215
214
248
247
246
245
217
216
177
176
175
172
173
174
218
221
169
170
171
166
167
168
222
223
220
219
243
242
239
240
241
244
264
237
238
224
225
163
164
165
147
148
162
226
236
235
228
227
157
156
151
231
232
233
234
229
230
152
153
154
150
155
149
158
159
160
161
129
119
120
121
60
61
37
38
40
41
42
59
124
123
122
58
57
49
53
54
128
125
126
127
55
56
50
51
52
48
47
46
45
44
43
-1
EOF
