NAME : pr299
COMMENT : Length 59301
TYPE : TOUR
DIMENSION : 299
TOUR_SECTION
1
4
3
5
6
2
93
92
7
8
9
10
89
91
90
88
14
12
11
13
15
16
19
20
18
17
21
23
24
25
26
27
72
77
76
80
75
22
79
82
81
102
103
78
73
28
29
30
34
31
32
35
33
66
63
64
105
68
67
70
69
71
74
168
167
197
236
237
240
241
239
243
242
196
194
195
170
108
106
107
65
62
37
36
38
42
40
43
41
45
46
47
48
44
49
50
51
52
53
54
56
55
114
116
118
115
117
119
120
122
121
125
175
177
172
171
179
176
178
187
189
188
253
252
263
261
255
260
254
256
186
185
180
181
182
183
184
257
258
259
262
264
266
265
267
268
249
248
250
251
190
173
174
128
123
127
126
124
112
113
111
58
57
39
60
61
59
110
109
169
191
192
193
247
245
244
246
269
270
271
272
273
238
198
234
274
235
201
166
165
131
130
104
129
132
133
135
134
164
199
200
228
230
233
232
277
276
275
279
278
282
281
283
280
284
285
286
219
223
224
208
207
204
205
206
299
227
226
225
231
229
203
202
162
163
137
136
138
101
100
99
98
95
83
84
87
86
85
94
96
97
139
140
161
160
211
210
209
222
220
221
287
288
289
215
290
291
292
293
295
294
297
296
298
150
151
152
154
153
155
214
156
157
217
216
218
212
213
159
158
141
142
143
144
146
145
148
147
149
-1
EOF
