NAME : pr439
COMMENT : Length 132617
TYPE : TOUR
DIMENSION : 439
TOUR_SECTION
1
4
5
6
7
8
9
10
13
14
15
16
17
33
34
32
30
31
29
28
25
64
26
27
63
73
74
109
108
144
145
185
224
275
274
273
276
277
278
279
294
295
296
297
298
299
300
333
334
335
336
337
338
339
364
365
366
363
362
361
360
370
385
378
369
368
367
332
331
329
328
327
330
303
304
306
305
302
301
272
271
270
269
268
267
266
265
264
263
262
261
260
259
258
257
256
247
248
249
250
210
213
212
211
246
245
244
243
215
214
216
217
242
241
240
239
219
218
220
238
237
236
221
222
235
234
233
223
190
191
193
194
195
196
197
198
199
200
201
202
203
205
206
171
172
174
204
175
176
177
178
180
179
181
182
183
192
184
150
151
143
142
141
140
139
138
122
123
101
100
95
96
98
99
125
128
130
131
132
133
97
18
19
70
69
68
67
20
21
23
24
22
66
65
72
71
88
89
90
91
104
105
106
107
113
114
103
102
92
93
94
115
117
120
121
119
118
116
152
153
154
155
157
156
158
159
160
161
173
129
127
126
124
137
136
135
134
162
163
164
165
167
166
169
170
168
207
208
209
251
253
252
255
254
316
315
314
313
312
310
309
308
307
311
322
326
325
324
323
321
320
318
319
317
402
404
405
417
431
429
428
418
400
401
388
387
386
416
415
419
420
421
414
406
407
398
393
394
382
381
392
399
391
374
375
372
373
371
383
384
395
397
396
403
408
409
411
410
425
413
412
423
422
432
433
430
427
424
426
434
438
437
436
435
439
284
344
343
342
341
340
287
288
347
346
376
345
380
390
389
379
377
353
351
350
348
355
356
358
359
357
354
352
349
289
290
291
292
293
148
147
146
112
111
110
87
86
78
77
76
75
62
61
60
59
58
57
37
36
35
12
11
40
38
39
42
45
43
41
46
49
44
47
48
50
51
53
54
55
56
82
81
80
79
232
286
285
280
231
189
225
188
187
230
281
282
229
283
228
227
226
186
149
85
84
83
52
2
3
-1
EOF
