NAME : t225
COMMENT : Length 4575
TYPE : TOUR
DIMENSION : 225
TOUR_SECTION
1
3
5
6
7
8
9
10
19
18
11
12
13
14
16
15
17
203
20
21
22
23
24
208
25
26
204
28
29
30
202
206
35
34
33
36
37
38
39
40
41
32
31
53
54
70
71
73
72
74
76
75
216
219
217
77
78
79
81
80
95
209
221
94
93
96
97
98
100
99
101
102
69
68
67
66
65
106
104
220
105
107
109
108
110
111
112
114
115
113
121
175
122
123
124
125
212
214
151
150
168
169
170
171
172
147
148
149
152
153
146
155
154
156
157
159
160
162
161
137
163
158
213
164
165
166
167
126
127
128
129
222
130
87
90
88
89
103
91
92
210
84
83
82
85
86
131
211
132
215
134
135
183
136
138
139
140
141
142
201
143
144
145
176
177
178
179
180
181
174
173
182
184
120
185
186
119
118
187
117
116
223
62
63
64
61
60
59
58
55
56
57
51
49
207
2
47
188
27
189
225
190
205
191
192
224
199
133
50
52
45
48
196
193
218
194
46
44
42
43
195
197
4
198
200
-1
EOF
